1135
1136
1137
1138
1139
1140
1162
1163
1165
1166
1192
1211
1212
1213
1214
1232
1233
1234
1235
1483
1484
1485
1486
1487
1510
1511
1512
1513
1514
1534
1535
1536
1537
1538
1556
1557
1558
1559
1578
1579
1580
1581
1824
1847
1848
1849
1870
1872
1873
1874
1875
1896
1897
1898
1899
1917
1918
1919
1920
1921
1922
2204
2207
2208
2209
2227
2228
2229
2230
2231
2232
2233
2252
2253
2254
2255
2256
2257
2275
2276
2277
2278
2279
2516
2536
2538
2562
2563
2564
2565
2566
2584
2585
2586
2587
2588
2608
2609
2610
2611
2612
2631
2632
2633
2634
2655
2656
2701
2857
2878
2879
2900
2901
2902
2903
2904
2905
2924
2925
2926
2927
2928
2947
2948
2949
2950
2970
2971
2972
3218
3219
3220
3239
3240
3241
3242
3260
3261
3262
3263
3264
3283
3284
3285
3306
3307
3329
3330
3432
3448
3449
3462
3474
3490
3491
3508
3509
3527
3528
3529
3545
3546
3547
3565
3566
3567
3585
3586
3626
3627
3645
3646
3661
3662
3663
3676
3677
3678
3689
3692
3693
3697
3698
3699
3700
3708
3710
3711
3722
3723
3724
3736
3737
3752
3753
3754
3769
3770
3771
3785
3786
3787
3801
3802
3815
3816
3828
3829
