1418
1636
1650
1659
1667
1668
1678
1688
1858
1873
1874
1882
1883
1891
1892
1893
1902
1903
1912
1913
1914
1915
1927
2066
2091
2093
2101
2109
2110
2111
2119
2120
2121
2129
2130
2131
2132
2141
2142
2143
2155
2156
2170
2285
2287
2288
2302
2308
2309
2315
2316
2324
2325
2333
2334
2342
2343
2344
2353
2354
2355
2356
2367
2368
2381
2483
2484
2487
2490
2491
2495
2496
2500
2501
2502
2506
2507
2508
2509
2515
2516
2517
2518
2523
2524
2525
2526
2527
2536
2537
2538
2539
2548
2549
2550
2648
2649
2651
2652
2655
2656
2657
2660
2661
2662
2666
2667
2668
2674
2675
2684
2685
2693
2773
2774
2775
2776
2780
2781
2799
2815
2853
2854
2860
2861
2887
2895
2903
2904
2905
2913
2914
2921
2931
2932
2937
2938
2960
2968
2976
2984
2985
3001
3006
3007
3010
3012
3043
3057
3058
3063
3064
3068
3069
3070
3074
3075
3078
3124
3129
3132
3135
3162
3171
