1
2
3
1
4
1
6
4
6
5
11
12
12
4
4
4
0
0
4
7
7
8
6
1
1
7
7
10
2
2
2
7
2
2
2
2
3
7
9
9
9
1
2
2
2
2
9
2
9
9
3
2
9
2
2
2
3
8
8
8
7
5
5
5
5
5
5
5
7
7
9
8
7
5
6
8
8
7
7
10
7
8
8
9
9
11
4
9
9
11
1
9
6
4
4
4
9
7
5
7
5
7
9
9
6
6
9
7
7
9
1
0
1
1
0
0
0
0
1
1
12
4
4
4
4
4
4
12
0
1
1
7
6
6
1
1
1
7
1
9
1
1
8
5
8
1
2
3
1
4
6
6
4
6
5
11
12
4
4
4
0
0
7
7
6
10
1
7
1
7
7
9
2
2
7
2
2
2
7
3
7
9
1
2
2
9
2
2
2
9
2
2
9
3
2
2
2
2
2
3
7
1
8
8
7
5
1
8
5
8
8
5
8
5
5
7
7
9
8
7
5
6
8
8
8
5
7
7
10
7
7
9
4
9
9
11
4
4
1
4
1
6
6
9
4
4
4
9
4
5
5
2
9
6
6
7
9
6
6
1
1
0
0
0
0
0
0
1
0
4
12
0
4
0
4
4
4
4
12
1
1
7
7
6
6
1
1
1
1
1
1
6
6
5
1
8
8