16,-26,-8,4
18,-26,-8,4
-26,-24,-8,4
-24,-24,-8,4
-20,-24,-8,4
18,-24,-8,4
20,-24,-8,4
-28,-22,-8,4
-26,-22,-8,4
-24,-22,-8,4
-22,-22,-8,4
-20,-22,-8,4
20,-22,-8,4
-28,-20,-8,4
-26,-20,-8,4
16,-30,-6,4
18,-30,-6,4
20,-30,-6,4
22,-30,-6,4
24,-30,-6,4
26,-30,-6,4
-20,-28,-6,4
-18,-28,-6,4
-16,-28,-6,4
14,-28,-6,5
16,-28,-6,4
18,-28,-6,4
20,-28,-6,4
22,-28,-6,4
24,-28,-6,1
26,-28,-6,6
-26,-26,-6,1
-24,-26,-6,7
-22,-26,-6,4
-20,-26,-6,4
-18,-26,-6,5
-16,-26,-6,2
14,-26,-6,2
16,-26,-6,2
18,-26,-6,4
20,-26,-6,4
22,-26,-6,4
24,-26,-6,1
26,-26,-6,1
28,-26,-6,4
-30,-24,-6,4
-28,-24,-6,1
-26,-24,-6,1
-24,-24,-6,4
-22,-24,-6,4
-20,-24,-6,4
-18,-24,-6,5
-16,-24,-6,5
14,-24,-6,2
16,-24,-6,4
18,-24,-6,7
20,-24,-6,4
22,-24,-6,4
24,-24,-6,1
26,-24,-6,1
-30,-22,-6,6
-28,-22,-6,1
-26,-22,-6,7
-24,-22,-6,4
-22,-22,-6,4
-20,-22,-6,4
-18,-22,-6,4
18,-22,-6,4
20,-22,-6,7
22,-22,-6,4
24,-22,-6,4
-30,-20,-6,1
-28,-20,-6,1
-26,-20,-6,4
-24,-20,-6,4
-22,-20,-6,4
20,-34,-4,4
14,-32,-4,4
16,-32,-4,4
18,-32,-4,4
20,-32,-4,4
22,-32,-4,4
24,-32,-4,4
-22,-30,-4,4
-20,-30,-4,4
-18,-30,-4,4
-16,-30,-4,4
12,-30,-4,4
14,-30,-4,4
16,-30,-4,4
18,-30,-4,4
20,-30,-4,4
22,-30,-4,4
24,-30,-4,4
26,-30,-4,4
-24,-28,-4,4
-22,-28,-4,4
-20,-28,-4,4
-18,-28,-4,4
-16,-28,-4,4
-14,-28,-4,2
12,-28,-4,4
14,-28,-4,4
16,-28,-4,4
18,-28,-4,4
20,-28,-4,4
22,-28,-4,4
24,-28,-4,4
26,-28,-4,4
-28,-26,-4,4
-26,-26,-4,1
-24,-26,-4,1
-22,-26,-4,4
-20,-26,-4,4
-18,-26,-4,4
-16,-26,-4,5
-14,-26,-4,2
12,-26,-4,4
14,-26,-4,4
16,-26,-4,4
18,-26,-4,4
20,-26,-4,4
22,-26,-4,6
24,-26,-4,1
26,-26,-4,1
-28,-24,-4,4
-26,-24,-4,1
-24,-24,-4,4
-22,-24,-4,4
-20,-24,-4,4
-18,-24,-4,5
-16,-24,-4,2
-14,-24,-4,2
12,-24,-4,2
14,-24,-4,2
16,-24,-4,2
18,-24,-4,2
20,-24,-4,4
22,-24,-4,1
24,-24,-4,1
26,-24,-4,1
28,-24,-4,9
-28,-22,-4,1
-26,-22,-4,4
-24,-22,-4,4
-22,-22,-4,4
-20,-22,-4,4
-18,-22,-4,5
-16,-22,-4,2
12,-22,-4,2
14,-22,-4,2
16,-22,-4,2
18,-22,-4,5
20,-22,-4,4
22,-22,-4,4
24,-22,-4,6
26,-22,-4,1
-28,-20,-4,4
-26,-20,-4,4
-24,-20,-4,7
-22,-20,-4,4
-6,-18,-4,4
-8,-16,-4,4
-6,-16,-4,4
6,-16,-4,4
8,-16,-4,7
-8,-14,-4,7
-6,-14,-4,7
6,-14,-4,7
8,-14,-4,7
10,-14,-4,7
-8,-12,-4,4
-6,-12,-4,7
6,-12,-4,7
8,-12,-4,7
10,-12,-4,7
-8,-10,-4,4
-6,-10,-4,7
6,-10,-4,1
8,-10,-4,7
-8,-8,-4,7
-6,-8,-4,7
16,-34,-2,4
18,-34,-2,4
20,-34,-2,4
22,-34,-2,4
24,-34,-2,4
-22,-32,-2,4
-20,-32,-2,4
-18,-32,-2,4
12,-32,-2,4
14,-32,-2,4
16,-32,-2,4
18,-32,-2,4
20,-32,-2,4
22,-32,-2,4
24,-32,-2,4
26,-32,-2,4
-26,-30,-2,4
-24,-30,-2,4
-22,-30,-2,4
-20,-30,-2,4
-18,-30,-2,4
-16,-30,-2,4
-14,-30,-2,4
-12,-30,-2,4
10,-30,-2,4
12,-30,-2,4
14,-30,-2,4
16,-30,-2,4
18,-30,-2,4
20,-30,-2,4
22,-30,-2,4
24,-30,-2,4
26,-30,-2,4
-28,-28,-2,4
-26,-28,-2,4
-24,-28,-2,4
-22,-28,-2,4
-20,-28,-2,4
-18,-28,-2,4
-16,-28,-2,4
-14,-28,-2,2
-12,-28,-2,4
10,-28,-2,2
12,-28,-2,4
14,-28,-2,4
16,-28,-2,4
18,-28,-2,4
20,-28,-2,4
22,-28,-2,4
24,-28,-2,4
26,-28,-2,4
-28,-26,-2,4
-26,-26,-2,4
-24,-26,-2,4
-22,-26,-2,4
-20,-26,-2,4
-18,-26,-2,4
-16,-26,-2,4
-14,-26,-2,2
-12,-26,-2,2
-8,-26,-2,4
-6,-26,-2,4
6,-26,-2,4
8,-26,-2,4
10,-26,-2,2
12,-26,-2,2
14,-26,-2,4
16,-26,-2,2
18,-26,-2,2
20,-26,-2,4
22,-26,-2,4
24,-26,-2,4
26,-26,-2,4
-30,-24,-2,4
-28,-24,-2,4
-26,-24,-2,4
-24,-24,-2,4
-22,-24,-2,4
-20,-24,-2,4
-18,-24,-2,2
-16,-24,-2,2
-14,-24,-2,2
-12,-24,-2,2
-8,-24,-2,4
-6,-24,-2,4
4,-24,-2,4
6,-24,-2,4
8,-24,-2,2
10,-24,-2,2
12,-24,-2,2
14,-24,-2,2
16,-24,-2,2
18,-24,-2,2
20,-24,-2,2
22,-24,-2,2
24,-24,-2,7
26,-24,-2,4
-28,-22,-2,7
-26,-22,-2,4
-24,-22,-2,4
-22,-22,-2,4
-20,-22,-2,2
-18,-22,-2,2
-16,-22,-2,2
-14,-22,-2,2
-12,-22,-2,2
-10,-22,-2,2
-8,-22,-2,4
-6,-22,-2,7
4,-22,-2,7
6,-22,-2,7
8,-22,-2,4
10,-22,-2,2
12,-22,-2,2
14,-22,-2,2
16,-22,-2,2
18,-22,-2,2
20,-22,-2,4
22,-22,-2,7
24,-22,-2,7
-26,-20,-2,5
-24,-20,-2,4
-22,-20,-2,4
-20,-20,-2,7
-18,-20,-2,2
-16,-20,-2,2
-14,-20,-2,2
-12,-20,-2,2
-10,-20,-2,2
-8,-20,-2,7
-6,-20,-2,7
-4,-20,-2,7
4,-20,-2,7
6,-20,-2,7
8,-20,-2,7
10,-20,-2,2
12,-20,-2,2
14,-20,-2,2
16,-20,-2,2
-16,-18,-2,2
-14,-18,-2,2
-12,-18,-2,2
-10,-18,-2,2
-8,-18,-2,7
-6,-18,-2,7
-4,-18,-2,4
2,-18,-2,7
4,-18,-2,7
6,-18,-2,7
8,-18,-2,7
10,-18,-2,2
12,-18,-2,4
14,-18,-2,5
16,-18,-2,2
-16,-16,-2,4
-14,-16,-2,4
-12,-16,-2,2
-10,-16,-2,2
-8,-16,-2,7
-6,-16,-2,7
-4,-16,-2,7
2,-16,-2,7
4,-16,-2,7
6,-16,-2,7
8,-16,-2,7
10,-16,-2,4
12,-16,-2,7
14,-16,-2,4
-14,-14,-2,4
-12,-14,-2,4
-10,-14,-2,7
-8,-14,-2,7
-6,-14,-2,7
-4,-14,-2,7
2,-14,-2,7
4,-14,-2,7
6,-14,-2,7
8,-14,-2,4
10,-14,-2,7
12,-14,-2,7
-12,-12,-2,7
-10,-12,-2,7
-8,-12,-2,4
-6,-12,-2,7
-4,-12,-2,7
2,-12,-2,7
4,-12,-2,7
6,-12,-2,7
8,-12,-2,7
10,-12,-2,7
12,-12,-2,7
-12,-10,-2,7
-10,-10,-2,7
-8,-10,-2,7
-6,-10,-2,7
-4,-10,-2,7
4,-10,-2,7
6,-10,-2,1
8,-10,-2,7
10,-10,-2,7
12,-10,-2,7
-12,-8,-2,7
-10,-8,-2,7
-8,-8,-2,6
-6,-8,-2,7
-4,-8,-2,7
4,-8,-2,1
6,-8,-2,6
8,-8,-2,6
10,-8,-2,7
-12,-6,-2,2
-10,-6,-2,7
-8,-6,-2,6
-6,-6,-2,1
-4,-6,-2,1
4,-6,-2,7
6,-6,-2,7
8,-6,-2,7
10,-6,-2,7
-10,-4,-2,7
-8,-4,-2,1
-6,-4,-2,1
-4,-4,-2,1
12,-36,0,2
14,-36,0,4
16,-36,0,9
18,-36,0,4
20,-36,0,4
22,-36,0,4
-22,-34,0,4
-20,-34,0,4
-18,-34,0,4
-16,-34,0,4
10,-34,0,4
12,-34,0,4
14,-34,0,4
16,-34,0,9
18,-34,0,4
20,-34,0,4
22,-34,0,4
24,-34,0,4
-26,-32,0,4
-24,-32,0,4
-22,-32,0,4
-20,-32,0,4
-18,-32,0,4
-16,-32,0,4
-14,-32,0,4
-12,-32,0,4
10,-32,0,4
12,-32,0,4
14,-32,0,4
16,-32,0,4
18,-32,0,4
20,-32,0,4
22,-32,0,4
24,-32,0,4
26,-32,0,4
-28,-30,0,4
-26,-30,0,4
-24,-30,0,4
-22,-30,0,4
-20,-30,0,4
-18,-30,0,4
-16,-30,0,4
-14,-30,0,4
-12,-30,0,4
-10,-30,0,4
6,-30,0,4
8,-30,0,4
10,-30,0,2
12,-30,0,2
14,-30,0,4
16,-30,0,4
18,-30,0,4
20,-30,0,4
22,-30,0,4
24,-30,0,4
26,-30,0,4
-28,-28,0,4
-26,-28,0,4
-24,-28,0,4
-22,-28,0,4
-20,-28,0,4
-18,-28,0,4
-16,-28,0,4
-14,-28,0,2
-12,-28,0,4
-10,-28,0,4
-8,-28,0,4
-6,-28,0,4
4,-28,0,4
6,-28,0,4
8,-28,0,4
10,-28,0,2
12,-28,0,2
14,-28,0,2
16,-28,0,4
18,-28,0,4
20,-28,0,4
22,-28,0,4
24,-28,0,4
26,-28,0,4
-28,-26,0,4
-26,-26,0,4
-24,-26,0,4
-22,-26,0,4
-20,-26,0,4
-18,-26,0,4
-16,-26,0,2
-14,-26,0,2
-12,-26,0,2
-10,-26,0,2
-8,-26,0,4
-6,-26,0,4
-4,-26,0,7
4,-26,0,7
6,-26,0,4
8,-26,0,4
10,-26,0,2
12,-26,0,2
14,-26,0,2
16,-26,0,2
18,-26,0,2
20,-26,0,4
22,-26,0,4
24,-26,0,4
26,-26,0,4
-28,-24,0,6
-26,-24,0,4
-24,-24,0,2
-22,-24,0,2
-20,-24,0,2
-18,-24,0,2
-16,-24,0,2
-14,-24,0,2
-12,-24,0,2
-10,-24,0,2
-8,-24,0,4
-6,-24,0,4
-4,-24,0,7
2,-24,0,7
4,-24,0,7
6,-24,0,4
8,-24,0,2
10,-24,0,2
12,-24,0,2
14,-24,0,2
16,-24,0,2
18,-24,0,2
20,-24,0,2
22,-24,0,2
24,-24,0,7
26,-24,0,4
-28,-22,0,4
-26,-22,0,7
-24,-22,0,4
-22,-22,0,2
-20,-22,0,2
-18,-22,0,4
-16,-22,0,2
-14,-22,0,2
-12,-22,0,2
-10,-22,0,2
-8,-22,0,2
-6,-22,0,7
-4,-22,0,7
2,-22,0,7
4,-22,0,7
6,-22,0,7
8,-22,0,2
10,-22,0,2
12,-22,0,2
14,-22,0,2
16,-22,0,2
18,-22,0,2
20,-22,0,2
22,-22,0,7
24,-22,0,7
-26,-20,0,6
-24,-20,0,4
-22,-20,0,4
-20,-20,0,4
-18,-20,0,2
-16,-20,0,2
-14,-20,0,2
-12,-20,0,2
-10,-20,0,2
-8,-20,0,7
-6,-20,0,7
-4,-20,0,7
2,-20,0,7
4,-20,0,7
6,-20,0,7
8,-20,0,2
10,-20,0,2
12,-20,0,2
14,-20,0,2
16,-20,0,2
18,-20,0,2
20,-20,0,7
-20,-18,0,4
-18,-18,0,2
-16,-18,0,2
-14,-18,0,2
-12,-18,0,2
-10,-18,0,2
-8,-18,0,7
-6,-18,0,7
-4,-18,0,7
-2,-18,0,1
2,-18,0,7
4,-18,0,7
6,-18,0,7
8,-18,0,7
10,-18,0,2
12,-18,0,2
14,-18,0,2
16,-18,0,2
-20,-16,0,4
-18,-16,0,7
-16,-16,0,5
-14,-16,0,5
-12,-16,0,2
-10,-16,0,4
-8,-16,0,7
-6,-16,0,7
-4,-16,0,7
-2,-16,0,1
2,-16,0,7
4,-16,0,7
6,-16,0,7
8,-16,0,7
10,-16,0,4
12,-16,0,7
14,-16,0,2
16,-16,0,2
-18,-14,0,7
-16,-14,0,7
-14,-14,0,7
-12,-14,0,7
-10,-14,0,7
-8,-14,0,7
-6,-14,0,7
-4,-14,0,7
-2,-14,0,7
2,-14,0,7
4,-14,0,5
6,-14,0,4
8,-14,0,4
10,-14,0,7
12,-14,0,7
14,-14,0,7
16,-14,0,7
-16,-12,0,4
-14,-12,0,7
-12,-12,0,7
-10,-12,0,7
-8,-12,0,7
-6,-12,0,7
-4,-12,0,7
2,-12,0,7
4,-12,0,7
6,-12,0,4
8,-12,0,4
10,-12,0,7
12,-12,0,7
14,-12,0,7
-16,-10,0,7
-14,-10,0,7
-12,-10,0,7
-10,-10,0,7
-8,-10,0,7
-6,-10,0,7
-4,-10,0,7
-2,-10,0,7
2,-10,0,7
4,-10,0,7
6,-10,0,7
8,-10,0,7
10,-10,0,7
12,-10,0,1
14,-10,0,7
-14,-8,0,7
-12,-8,0,6
-10,-8,0,6
-8,-8,0,7
-6,-8,0,7
-4,-8,0,7
-2,-8,0,7
2,-8,0,7
4,-8,0,7
6,-8,0,1
8,-8,0,7
10,-8,0,7
12,-8,0,7
-14,-6,0,7
-12,-6,0,6
-10,-6,0,1
-8,-6,0,7
-6,-6,0,1
-4,-6,0,7
-2,-6,0,1
2,-6,0,7
4,-6,0,7
6,-6,0,7
8,-6,0,6
10,-6,0,7
12,-6,0,7
-12,-4,0,1
-10,-4,0,1
-8,-4,0,6
-6,-4,0,1
-4,-4,0,1
4,-4,0,6
6,-4,0,7
8,-4,0,1
10,-4,0,9
-10,-2,0,6
-8,-2,0,4
-6,-2,0,7
10,-36,2,2
12,-36,2,2
14,-36,2,4
16,-36,2,4
18,-36,2,4
20,-36,2,4
22,-36,2,4
24,-36,2,4
-26,-34,2,4
-24,-34,2,4
-22,-34,2,4
-20,-34,2,4
-18,-34,2,4
-16,-34,2,4
-14,-34,2,4
-12,-34,2,4
8,-34,2,4
10,-34,2,2
12,-34,2,9
14,-34,2,9
16,-34,2,4
18,-34,2,4
20,-34,2,4
22,-34,2,4
24,-34,2,4
26,-34,2,6
-26,-32,2,4
-24,-32,2,4
-22,-32,2,4
-20,-32,2,4
-18,-32,2,4
-16,-32,2,4
-14,-32,2,4
-12,-32,2,4
-10,-32,2,4
8,-32,2,4
10,-32,2,4
12,-32,2,4
14,-32,2,4
16,-32,2,4
18,-32,2,4
20,-32,2,4
22,-32,2,4
24,-32,2,4
26,-32,2,4
-28,-30,2,4
-26,-30,2,4
-24,-30,2,4
-22,-30,2,4
-20,-30,2,4
-18,-30,2,4
-16,-30,2,4
-14,-30,2,4
-12,-30,2,4
-10,-30,2,4
-8,-30,2,4
4,-30,2,7
6,-30,2,2
8,-30,2,2
10,-30,2,4
12,-30,2,2
14,-30,2,2
16,-30,2,4
18,-30,2,4
20,-30,2,4
22,-30,2,4
24,-30,2,4
26,-30,2,4
-28,-28,2,4
-26,-28,2,4
-24,-28,2,4
-22,-28,2,4
-20,-28,2,4
-18,-28,2,4
-16,-28,2,4
-14,-28,2,4
-12,-28,2,4
-10,-28,2,4
-8,-28,2,2
-6,-28,2,4
4,-28,2,4
6,-28,2,2
8,-28,2,2
10,-28,2,2
12,-28,2,2
14,-28,2,2
16,-28,2,4
18,-28,2,4
20,-28,2,4
22,-28,2,4
24,-28,2,4
26,-28,2,4
-28,-26,2,4
-26,-26,2,4
-24,-26,2,4
-22,-26,2,4
-20,-26,2,4
-18,-26,2,2
-16,-26,2,2
-14,-26,2,4
-12,-26,2,4
-10,-26,2,2
-8,-26,2,2
-6,-26,2,4
-4,-26,2,4
2,-26,2,7
4,-26,2,7
6,-26,2,2
8,-26,2,2
10,-26,2,2
12,-26,2,2
14,-26,2,2
16,-26,2,2
18,-26,2,2
20,-26,2,2
22,-26,2,2
24,-26,2,4
26,-26,2,4
-28,-24,2,1
-26,-24,2,7
-24,-24,2,2
-22,-24,2,2
-20,-24,2,2
-18,-24,2,2
-16,-24,2,2
-14,-24,2,2
-12,-24,2,2
-10,-24,2,2
-8,-24,2,2
-6,-24,2,4
-4,-24,2,7
2,-24,2,7
4,-24,2,7
6,-24,2,4
8,-24,2,2
10,-24,2,2
12,-24,2,2
14,-24,2,2
16,-24,2,2
18,-24,2,2
20,-24,2,2
22,-24,2,2
24,-24,2,7
26,-24,2,4
-28,-22,2,9
-26,-22,2,4
-24,-22,2,4
-22,-22,2,2
-20,-22,2,2
-18,-22,2,2
-16,-22,2,2
-14,-22,2,2
-12,-22,2,2
-10,-22,2,2
-8,-22,2,2
-6,-22,2,7
-4,-22,2,7
2,-22,2,7
4,-22,2,7
6,-22,2,7
8,-22,2,2
10,-22,2,2
12,-22,2,2
14,-22,2,2
16,-22,2,2
18,-22,2,2
20,-22,2,2
22,-22,2,4
24,-22,2,7
-24,-20,2,4
-22,-20,2,4
-20,-20,2,2
-18,-20,2,2
-16,-20,2,2
-14,-20,2,2
-12,-20,2,2
-10,-20,2,2
-8,-20,2,7
-6,-20,2,7
-4,-20,2,7
2,-20,2,7
4,-20,2,7
6,-20,2,7
8,-20,2,2
10,-20,2,2
12,-20,2,2
14,-20,2,2
16,-20,2,2
18,-20,2,2
20,-20,2,5
22,-20,2,4
-22,-18,2,4
-20,-18,2,2
-18,-18,2,2
-16,-18,2,2
-14,-18,2,2
-12,-18,2,2
-10,-18,2,2
-8,-18,2,7
-6,-18,2,7
-4,-18,2,7
2,-18,2,7
4,-18,2,7
6,-18,2,7
8,-18,2,4
10,-18,2,2
12,-18,2,4
14,-18,2,2
16,-18,2,7
18,-18,2,7
20,-18,2,7
-22,-16,2,4
-20,-16,2,4
-18,-16,2,7
-16,-16,2,7
-14,-16,2,4
-12,-16,2,4
-10,-16,2,4
-8,-16,2,7
-6,-16,2,7
-4,-16,2,7
-2,-16,2,7
2,-16,2,7
4,-16,2,7
6,-16,2,7
8,-16,2,7
10,-16,2,7
12,-16,2,7
14,-16,2,7
16,-16,2,7
18,-16,2,4
-20,-14,2,4
-18,-14,2,7
-16,-14,2,7
-14,-14,2,7
-12,-14,2,7
-10,-14,2,4
-8,-14,2,7
-6,-14,2,2
-4,-14,2,7
-2,-14,2,7
2,-14,2,7
4,-14,2,2
6,-14,2,4
8,-14,2,7
10,-14,2,7
12,-14,2,7
14,-14,2,7
16,-14,2,7
18,-14,2,7
-20,-12,2,4
-18,-12,2,7
-16,-12,2,7
-14,-12,2,7
-12,-12,2,7
-10,-12,2,7
-8,-12,2,7
-6,-12,2,7
-4,-12,2,7
-2,-12,2,7
2,-12,2,7
4,-12,2,7
6,-12,2,7
8,-12,2,1
10,-12,2,7
12,-12,2,7
14,-12,2,7
16,-12,2,1
-18,-10,2,4
-16,-10,2,7
-14,-10,2,7
-12,-10,2,7
-10,-10,2,7
-8,-10,2,1
-6,-10,2,7
-4,-10,2,4
-2,-10,2,1
2,-10,2,7
4,-10,2,7
6,-10,2,1
8,-10,2,6
10,-10,2,7
12,-10,2,7
14,-10,2,7
16,-10,2,6
-16,-8,2,4
-14,-8,2,7
-12,-8,2,7
-10,-8,2,7
-8,-8,2,6
-6,-8,2,1
-4,-8,2,1
-2,-8,2,7
2,-8,2,5
4,-8,2,7
6,-8,2,7
8,-8,2,7
10,-8,2,7
12,-8,2,7
14,-8,2,1
-16,-6,2,4
-14,-6,2,7
-12,-6,2,7
-10,-6,2,6
-8,-6,2,7
-6,-6,2,7
-4,-6,2,7
-2,-6,2,1
2,-6,2,7
4,-6,2,7
6,-6,2,1
8,-6,2,6
10,-6,2,7
12,-6,2,7
14,-6,2,1
-14,-4,2,4
-12,-4,2,1
-10,-4,2,7
-8,-4,2,7
-6,-4,2,7
-4,-4,2,6
-2,-4,2,1
2,-4,2,1
4,-4,2,1
6,-4,2,7
8,-4,2,6
10,-4,2,1
12,-4,2,7
-12,-2,2,7
-10,-2,2,7
-8,-2,2,7
-6,-2,2,7
-4,-2,2,1
4,-2,2,1
6,-2,2,7
8,-2,2,7
10,-2,2,1
16,-38,4,4
18,-38,4,4
20,-38,4,4
-22,-36,4,4
-20,-36,4,2
-18,-36,4,4
-16,-36,4,4
10,-36,4,1
12,-36,4,1
14,-36,4,7
16,-36,4,1
18,-36,4,2
20,-36,4,2
22,-36,4,4
24,-36,4,9
-26,-34,4,4
-24,-34,4,4
-22,-34,4,4
-20,-34,4,4
-18,-34,4,4
-16,-34,4,4
-14,-34,4,9
-12,-34,4,9
-10,-34,4,1
8,-34,4,1
10,-34,4,1
12,-34,4,9
14,-34,4,9
16,-34,4,9
18,-34,4,4
20,-34,4,4
22,-34,4,4
24,-34,4,4
26,-34,4,4
-26,-32,4,4
-24,-32,4,4
-22,-32,4,4
-20,-32,4,4
-18,-32,4,4
-16,-32,4,4
-14,-32,4,9
-12,-32,4,9
-10,-32,4,4
-8,-32,4,1
6,-32,4,1
8,-32,4,1
10,-32,4,4
12,-32,4,2
14,-32,4,9
16,-32,4,4
18,-32,4,4
20,-32,4,4
22,-32,4,4
24,-32,4,4
26,-32,4,4
-28,-30,4,4
-26,-30,4,4
-24,-30,4,4
-22,-30,4,4
-20,-30,4,4
-18,-30,4,4
-16,-30,4,4
-14,-30,4,4
-12,-30,4,4
-10,-30,4,4
-8,-30,4,1
4,-30,4,2
6,-30,4,1
8,-30,4,1
10,-30,4,4
12,-30,4,2
14,-30,4,2
16,-30,4,4
18,-30,4,4
20,-30,4,4
22,-30,4,4
24,-30,4,4
26,-30,4,4
-28,-28,4,1
-26,-28,4,4
-24,-28,4,4
-22,-28,4,4
-20,-28,4,4
-18,-28,4,4
-16,-28,4,4
-14,-28,4,4
-12,-28,4,4
-10,-28,4,4
-8,-28,4,1
-6,-28,4,7
4,-28,4,1
6,-28,4,4
8,-28,4,2
10,-28,4,2
12,-28,4,2
14,-28,4,2
16,-28,4,4
18,-28,4,2
20,-28,4,4
22,-28,4,4
24,-28,4,4
26,-28,4,4
-28,-26,4,4
-26,-26,4,4
-24,-26,4,4
-22,-26,4,2
-20,-26,4,4
-18,-26,4,2
-16,-26,4,2
-14,-26,4,2
-12,-26,4,2
-10,-26,4,4
-8,-26,4,4
-6,-26,4,7
-4,-26,4,7
2,-26,4,7
4,-26,4,7
6,-26,4,7
8,-26,4,4
10,-26,4,7
12,-26,4,2
14,-26,4,2
16,-26,4,2
18,-26,4,2
20,-26,4,2
22,-26,4,2
24,-26,4,4
26,-26,4,7
-28,-24,4,7
-26,-24,4,1
-24,-24,4,2
-22,-24,4,2
-20,-24,4,2
-18,-24,4,2
-16,-24,4,2
-14,-24,4,2
-12,-24,4,2
-10,-24,4,2
-8,-24,4,7
-6,-24,4,7
-4,-24,4,7
2,-24,4,7
4,-24,4,7
6,-24,4,4
8,-24,4,7
10,-24,4,2
12,-24,4,2
14,-24,4,2
16,-24,4,2
18,-24,4,2
20,-24,4,2
22,-24,4,4
24,-24,4,7
-26,-22,4,7
-24,-22,4,4
-22,-22,4,2
-20,-22,4,2
-18,-22,4,2
-16,-22,4,2
-14,-22,4,2
-12,-22,4,2
-10,-22,4,2
-8,-22,4,7
-6,-22,4,7
-4,-22,4,7
2,-22,4,7
4,-22,4,7
6,-22,4,7
8,-22,4,2
10,-22,4,2
12,-22,4,2
14,-22,4,2
16,-22,4,2
18,-22,4,2
20,-22,4,2
22,-22,4,4
24,-22,4,7
-24,-20,4,4
-22,-20,4,7
-20,-20,4,2
-18,-20,4,2
-16,-20,4,2
-14,-20,4,2
-12,-20,4,2
-10,-20,4,2
-8,-20,4,7
-6,-20,4,7
-4,-20,4,7
2,-20,4,2
4,-20,4,7
6,-20,4,7
8,-20,4,7
10,-20,4,2
12,-20,4,2
14,-20,4,2
16,-20,4,2
18,-20,4,2
20,-20,4,7
22,-20,4,4
-24,-18,4,4
-22,-18,4,7
-20,-18,4,7
-18,-18,4,7
-16,-18,4,5
-14,-18,4,2
-12,-18,4,2
-10,-18,4,7
-8,-18,4,7
-6,-18,4,7
-4,-18,4,2
-2,-18,4,2
2,-18,4,2
4,-18,4,4
6,-18,4,7
8,-18,4,7
10,-18,4,4
12,-18,4,4
14,-18,4,5
16,-18,4,7
18,-18,4,7
20,-18,4,7
-22,-16,4,7
-20,-16,4,7
-18,-16,4,7
-16,-16,4,7
-14,-16,4,7
-12,-16,4,4
-10,-16,4,7
-8,-16,4,7
-6,-16,4,7
-4,-16,4,2
-2,-16,4,2
2,-16,4,2
4,-16,4,4
6,-16,4,7
8,-16,4,7
10,-16,4,7
12,-16,4,7
14,-16,4,7
16,-16,4,7
18,-16,4,7
20,-16,4,9
-22,-14,4,9
-20,-14,4,7
-18,-14,4,7
-16,-14,4,7
-14,-14,4,7
-12,-14,4,7
-10,-14,4,7
-8,-14,4,7
-6,-14,4,7
-4,-14,4,2
-2,-14,4,2
2,-14,4,2
4,-14,4,2
6,-14,4,4
8,-14,4,7
10,-14,4,7
12,-14,4,7
14,-14,4,7
16,-14,4,7
18,-14,4,7
20,-14,4,7
-20,-12,4,7
-18,-12,4,7
-16,-12,4,7
-14,-12,4,7
-12,-12,4,7
-10,-12,4,7
-8,-12,4,7
-6,-12,4,7
-4,-12,4,2
-2,-12,4,2
2,-12,4,1
4,-12,4,2
6,-12,4,2
8,-12,4,7
10,-12,4,7
12,-12,4,7
14,-12,4,7
16,-12,4,7
18,-12,4,1
-18,-10,4,7
-16,-10,4,7
-14,-10,4,7
-12,-10,4,7
-10,-10,4,7
-8,-10,4,7
-6,-10,4,7
-4,-10,4,2
-2,-10,4,1
2,-10,4,1
4,-10,4,1
6,-10,4,1
8,-10,4,7
10,-10,4,7
12,-10,4,7
14,-10,4,7
16,-10,4,1
-18,-8,4,1
-16,-8,4,7
-14,-8,4,7
-12,-8,4,7
-10,-8,4,7
-8,-8,4,6
-6,-8,4,1
-4,-8,4,2
-2,-8,4,1
0,-8,4,1
2,-8,4,1
4,-8,4,7
6,-8,4,7
8,-8,4,7
10,-8,4,7
12,-8,4,7
14,-8,4,7
16,-8,4,4
-18,-6,4,4
-16,-6,4,1
-14,-6,4,7
-12,-6,4,7
-10,-6,4,7
-8,-6,4,6
-6,-6,4,1
-4,-6,4,1
-2,-6,4,1
0,-6,4,1
2,-6,4,1
4,-6,4,7
6,-6,4,7
8,-6,4,6
10,-6,4,7
12,-6,4,7
14,-6,4,6
16,-6,4,7
-16,-4,4,4
-14,-4,4,6
-12,-4,4,6
-10,-4,4,7
-8,-4,4,6
-6,-4,4,6
-4,-4,4,6
-2,-4,4,1
2,-4,4,1
4,-4,4,1
6,-4,4,7
8,-4,4,7
10,-4,4,7
12,-4,4,7
14,-4,4,4
-14,-2,4,1
-12,-2,4,1
-10,-2,4,7
-8,-2,4,7
-6,-2,4,6
-4,-2,4,6
-2,-2,4,1
4,-2,4,1
6,-2,4,7
8,-2,4,6
10,-2,4,7
12,-2,4,7
-10,-0,4,1
-8,-0,4,7
-6,-0,4,6
16,-38,6,4
18,-38,6,2
20,-38,6,4
-22,-36,6,4
-20,-36,6,4
-18,-36,6,4
-16,-36,6,2
10,-36,6,1
12,-36,6,0
14,-36,6,1
16,-36,6,1
18,-36,6,2
20,-36,6,4
22,-36,6,9
-24,-34,6,4
-22,-34,6,4
-20,-34,6,4
-18,-34,6,9
-16,-34,6,1
-14,-34,6,1
-12,-34,6,0
-10,-34,6,0
8,-34,6,1
10,-34,6,1
12,-34,6,1
14,-34,6,1
16,-34,6,1
18,-34,6,9
20,-34,6,4
22,-34,6,4
24,-34,6,9
-26,-32,6,4
-24,-32,6,4
-22,-32,6,4
-20,-32,6,4
-18,-32,6,4
-16,-32,6,9
-14,-32,6,9
-12,-32,6,6
-10,-32,6,1
-8,-32,6,1
6,-32,6,1
8,-32,6,1
10,-32,6,1
12,-32,6,1
14,-32,6,4
16,-32,6,4
18,-32,6,4
20,-32,6,4
22,-32,6,4
24,-32,6,4
26,-32,6,6
-28,-30,6,0
-26,-30,6,4
-24,-30,6,4
-22,-30,6,4
-20,-30,6,4
-18,-30,6,4
-16,-30,6,4
-14,-30,6,4
-12,-30,6,2
-10,-30,6,1
-8,-30,6,1
4,-30,6,2
6,-30,6,1
8,-30,6,1
10,-30,6,1
12,-30,6,9
14,-30,6,9
16,-30,6,4
18,-30,6,4
20,-30,6,4
22,-30,6,4
24,-30,6,4
26,-30,6,0
-28,-28,6,6
-26,-28,6,9
-24,-28,6,4
-22,-28,6,4
-20,-28,6,4
-18,-28,6,4
-16,-28,6,4
-14,-28,6,4
-12,-28,6,4
-10,-28,6,4
-8,-28,6,1
-6,-28,6,1
4,-28,6,1
6,-28,6,1
8,-28,6,1
10,-28,6,7
12,-28,6,7
14,-28,6,2
16,-28,6,2
18,-28,6,2
20,-28,6,4
22,-28,6,4
24,-28,6,4
26,-28,6,6
-28,-26,6,7
-26,-26,6,0
-24,-26,6,4
-22,-26,6,4
-20,-26,6,4
-18,-26,6,2
-16,-26,6,2
-14,-26,6,2
-12,-26,6,2
-10,-26,6,2
-8,-26,6,2
-6,-26,6,7
-4,-26,6,7
2,-26,6,7
4,-26,6,7
6,-26,6,7
8,-26,6,4
10,-26,6,4
12,-26,6,2
14,-26,6,2
16,-26,6,2
18,-26,6,2
20,-26,6,2
22,-26,6,2
24,-26,6,4
26,-26,6,7
-28,-24,6,7
-26,-24,6,1
-24,-24,6,2
-22,-24,6,2
-20,-24,6,2
-18,-24,6,2
-16,-24,6,2
-14,-24,6,2
-12,-24,6,2
-10,-24,6,2
-8,-24,6,7
-6,-24,6,7
-4,-24,6,7
2,-24,6,7
4,-24,6,7
6,-24,6,7
8,-24,6,7
10,-24,6,2
12,-24,6,2
14,-24,6,2
16,-24,6,2
18,-24,6,2
20,-24,6,2
22,-24,6,2
24,-24,6,1
-26,-22,6,7
-24,-22,6,1
-22,-22,6,2
-20,-22,6,2
-18,-22,6,2
-16,-22,6,2
-14,-22,6,2
-12,-22,6,2
-10,-22,6,4
-8,-22,6,7
-6,-22,6,7
-4,-22,6,7
2,-22,6,7
4,-22,6,7
6,-22,6,7
8,-22,6,7
10,-22,6,2
12,-22,6,2
14,-22,6,2
16,-22,6,2
18,-22,6,2
20,-22,6,5
22,-22,6,4
-24,-20,6,4
-22,-20,6,4
-20,-20,6,5
-18,-20,6,2
-16,-20,6,2
-14,-20,6,2
-12,-20,6,2
-10,-20,6,4
-8,-20,6,7
-6,-20,6,7
-4,-20,6,7
-2,-20,6,7
2,-20,6,7
4,-20,6,7
6,-20,6,7
8,-20,6,7
10,-20,6,7
12,-20,6,2
14,-20,6,2
16,-20,6,2
18,-20,6,2
20,-20,6,7
22,-20,6,4
-24,-18,6,2
-22,-18,6,1
-20,-18,6,4
-18,-18,6,7
-16,-18,6,2
-14,-18,6,2
-12,-18,6,2
-10,-18,6,7
-8,-18,6,7
-6,-18,6,7
-4,-18,6,7
-2,-18,6,7
0,-18,6,1
2,-18,6,2
4,-18,6,7
6,-18,6,7
8,-18,6,7
10,-18,6,7
12,-18,6,7
14,-18,6,4
16,-18,6,7
18,-18,6,4
20,-18,6,7
22,-18,6,7
-22,-16,6,7
-20,-16,6,7
-18,-16,6,7
-16,-16,6,7
-14,-16,6,7
-12,-16,6,4
-10,-16,6,7
-8,-16,6,7
-6,-16,6,7
-4,-16,6,7
-2,-16,6,2
0,-16,6,2
2,-16,6,2
4,-16,6,4
6,-16,6,7
8,-16,6,7
10,-16,6,7
12,-16,6,7
14,-16,6,7
16,-16,6,4
18,-16,6,7
20,-16,6,1
-22,-14,6,2
-20,-14,6,7
-18,-14,6,7
-16,-14,6,7
-14,-14,6,7
-12,-14,6,7
-10,-14,6,7
-8,-14,6,7
-6,-14,6,7
-4,-14,6,2
-2,-14,6,2
0,-14,6,2
2,-14,6,2
4,-14,6,7
6,-14,6,7
8,-14,6,7
10,-14,6,7
12,-14,6,7
14,-14,6,7
16,-14,6,7
18,-14,6,7
20,-14,6,7
-22,-12,6,4
-20,-12,6,2
-18,-12,6,7
-16,-12,6,7
-14,-12,6,7
-12,-12,6,7
-10,-12,6,7
-8,-12,6,7
-6,-12,6,7
-4,-12,6,2
-2,-12,6,2
0,-12,6,1
2,-12,6,1
4,-12,6,2
6,-12,6,4
8,-12,6,7
10,-12,6,7
12,-12,6,7
14,-12,6,7
16,-12,6,7
18,-12,6,7
20,-12,6,7
-20,-10,6,7
-18,-10,6,7
-16,-10,6,7
-14,-10,6,7
-12,-10,6,7
-10,-10,6,6
-8,-10,6,7
-6,-10,6,7
-4,-10,6,2
-2,-10,6,1
0,-10,6,1
2,-10,6,1
4,-10,6,1
6,-10,6,4
8,-10,6,7
10,-10,6,7
12,-10,6,7
14,-10,6,7
16,-10,6,7
18,-10,6,1
-18,-8,6,7
-16,-8,6,7
-14,-8,6,7
-12,-8,6,7
-10,-8,6,6
-8,-8,6,6
-6,-8,6,1
-4,-8,6,2
-2,-8,6,1
0,-8,6,1
2,-8,6,1
4,-8,6,7
6,-8,6,7
8,-8,6,6
10,-8,6,6
12,-8,6,7
14,-8,6,7
16,-8,6,7
-18,-6,6,4
-16,-6,6,7
-14,-6,6,7
-12,-6,6,7
-10,-6,6,6
-8,-6,6,7
-6,-6,6,1
-4,-6,6,1
-2,-6,6,1
0,-6,6,0
2,-6,6,1
4,-6,6,7
6,-6,6,7
8,-6,6,6
10,-6,6,6
12,-6,6,7
14,-6,6,7
16,-6,6,4
-16,-4,6,4
-14,-4,6,7
-12,-4,6,6
-10,-4,6,6
-8,-4,6,7
-6,-4,6,1
-4,-4,6,6
-2,-4,6,6
2,-4,6,1
4,-4,6,1
6,-4,6,1
8,-4,6,7
10,-4,6,7
12,-4,6,7
14,-4,6,7
16,-4,6,4
-16,-2,6,4
-14,-2,6,6
-12,-2,6,7
-10,-2,6,7
-8,-2,6,6
-6,-2,6,6
-4,-2,6,6
-2,-2,6,1
4,-2,6,1
6,-2,6,6
8,-2,6,7
10,-2,6,7
12,-2,6,7
-12,-0,6,1
-10,-0,6,7
-6,-0,6,6
12,-36,8,0
14,-36,8,1
16,-36,8,2
18,-36,8,2
20,-36,8,9
-22,-34,8,9
-20,-34,8,2
-18,-34,8,2
-16,-34,8,1
-14,-34,8,0
-12,-34,8,0
8,-34,8,0
10,-34,8,0
12,-34,8,1
14,-34,8,1
16,-34,8,1
18,-34,8,9
20,-34,8,9
22,-34,8,9
24,-34,8,6
-26,-32,8,4
-24,-32,8,4
-22,-32,8,4
-20,-32,8,4
-18,-32,8,9
-16,-32,8,1
-14,-32,8,1
-12,-32,8,1
-10,-32,8,0
-8,-32,8,0
6,-32,8,1
8,-32,8,1
10,-32,8,1
12,-32,8,1
14,-32,8,1
16,-32,8,4
18,-32,8,4
20,-32,8,4
22,-32,8,4
24,-32,8,1
26,-32,8,6
-26,-30,8,6
-24,-30,8,4
-22,-30,8,4
-20,-30,8,4
-18,-30,8,4
-16,-30,8,9
-14,-30,8,1
-12,-30,8,1
-10,-30,8,1
-8,-30,8,1
6,-30,8,1
8,-30,8,1
10,-30,8,1
12,-30,8,1
14,-30,8,4
16,-30,8,4
18,-30,8,4
20,-30,8,4
22,-30,8,4
24,-30,8,4
26,-30,8,7
-28,-28,8,7
-26,-28,8,6
-24,-28,8,4
-22,-28,8,4
-20,-28,8,4
-18,-28,8,4
-16,-28,8,4
-14,-28,8,4
-12,-28,8,4
-10,-28,8,1
-8,-28,8,1
-6,-28,8,1
4,-28,8,1
6,-28,8,1
8,-28,8,1
10,-28,8,1
12,-28,8,7
14,-28,8,4
16,-28,8,2
18,-28,8,4
20,-28,8,4
22,-28,8,4
24,-28,8,4
26,-28,8,7
-26,-26,8,6
-24,-26,8,4
-22,-26,8,4
-20,-26,8,4
-18,-26,8,4
-16,-26,8,4
-14,-26,8,2
-12,-26,8,4
-10,-26,8,1
-8,-26,8,1
-6,-26,8,7
2,-26,8,1
4,-26,8,1
6,-26,8,7
8,-26,8,7
10,-26,8,9
12,-26,8,2
14,-26,8,4
16,-26,8,2
18,-26,8,2
20,-26,8,2
22,-26,8,2
24,-26,8,7
-26,-24,8,7
-24,-24,8,4
-22,-24,8,4
-20,-24,8,2
-18,-24,8,2
-16,-24,8,2
-14,-24,8,2
-12,-24,8,2
-10,-24,8,7
-8,-24,8,7
-6,-24,8,7
-4,-24,8,7
2,-24,8,1
4,-24,8,7
6,-24,8,7
8,-24,8,4
10,-24,8,9
12,-24,8,2
14,-24,8,2
16,-24,8,2
18,-24,8,2
20,-24,8,2
22,-24,8,7
24,-24,8,7
-26,-22,8,7
-24,-22,8,4
-22,-22,8,4
-20,-22,8,2
-18,-22,8,2
-16,-22,8,2
-14,-22,8,2
-12,-22,8,2
-10,-22,8,4
-8,-22,8,7
-6,-22,8,7
-4,-22,8,7
2,-22,8,7
4,-22,8,7
6,-22,8,7
8,-22,8,7
10,-22,8,4
12,-22,8,2
14,-22,8,2
16,-22,8,2
18,-22,8,2
20,-22,8,2
22,-22,8,4
-24,-20,8,4
-22,-20,8,4
-20,-20,8,2
-18,-20,8,2
-16,-20,8,2
-14,-20,8,4
-12,-20,8,4
-10,-20,8,7
-8,-20,8,7
-6,-20,8,7
-4,-20,8,7
-2,-20,8,7
0,-20,8,1
2,-20,8,7
4,-20,8,7
6,-20,8,7
8,-20,8,7
10,-20,8,7
12,-20,8,4
14,-20,8,2
16,-20,8,7
18,-20,8,7
20,-20,8,7
22,-20,8,4
-24,-18,8,1
-22,-18,8,4
-20,-18,8,4
-18,-18,8,7
-16,-18,8,7
-14,-18,8,4
-12,-18,8,4
-10,-18,8,7
-8,-18,8,7
-6,-18,8,7
-4,-18,8,7
-2,-18,8,7
0,-18,8,1
2,-18,8,7
4,-18,8,7
6,-18,8,7
8,-18,8,7
10,-18,8,7
12,-18,8,7
14,-18,8,7
16,-18,8,7
18,-18,8,7
20,-18,8,7
22,-18,8,4
-24,-16,8,1
-22,-16,8,4
-20,-16,8,7
-18,-16,8,7
-16,-16,8,7
-14,-16,8,7
-12,-16,8,4
-10,-16,8,7
-8,-16,8,7
-6,-16,8,7
-4,-16,8,7
-2,-16,8,7
0,-16,8,1
2,-16,8,2
4,-16,8,7
6,-16,8,7
8,-16,8,7
10,-16,8,7
12,-16,8,7
14,-16,8,7
16,-16,8,7
18,-16,8,7
20,-16,8,7
-22,-14,8,4
-20,-14,8,7
-18,-14,8,7
-16,-14,8,7
-14,-14,8,7
-12,-14,8,7
-10,-14,8,7
-8,-14,8,7
-6,-14,8,7
-4,-14,8,7
-2,-14,8,1
0,-14,8,1
2,-14,8,1
4,-14,8,7
6,-14,8,7
8,-14,8,7
10,-14,8,7
12,-14,8,7
14,-14,8,7
16,-14,8,7
18,-14,8,7
20,-14,8,7
-22,-12,8,4
-20,-12,8,4
-18,-12,8,7
-16,-12,8,7
-14,-12,8,7
-12,-12,8,7
-10,-12,8,7
-8,-12,8,7
-6,-12,8,7
-4,-12,8,2
-2,-12,8,1
0,-12,8,1
2,-12,8,1
4,-12,8,7
6,-12,8,7
8,-12,8,7
10,-12,8,7
12,-12,8,7
14,-12,8,7
16,-12,8,7
18,-12,8,7
20,-12,8,7
-20,-10,8,2
-18,-10,8,7
-16,-10,8,7
-14,-10,8,7
-12,-10,8,7
-10,-10,8,6
-8,-10,8,7
-6,-10,8,4
-4,-10,8,1
-2,-10,8,1
0,-10,8,0
2,-10,8,1
4,-10,8,4
6,-10,8,1
8,-10,8,7
10,-10,8,7
12,-10,8,7
14,-10,8,7
16,-10,8,7
18,-10,8,7
-20,-8,8,2
-18,-8,8,7
-16,-8,8,7
-14,-8,8,7
-12,-8,8,6
-10,-8,8,6
-8,-8,8,6
-6,-8,8,1
-4,-8,8,1
-2,-8,8,1
0,-8,8,0
2,-8,8,1
4,-8,8,7
6,-8,8,7
8,-8,8,1
10,-8,8,6
12,-8,8,7
14,-8,8,7
16,-8,8,7
18,-8,8,7
-18,-6,8,4
-16,-6,8,7
-14,-6,8,7
-12,-6,8,7
-10,-6,8,6
-8,-6,8,1
-6,-6,8,6
-4,-6,8,6
-2,-6,8,1
0,-6,8,0
2,-6,8,1
4,-6,8,1
6,-6,8,1
8,-6,8,1
10,-6,8,7
12,-6,8,7
14,-6,8,6
16,-6,8,7
-18,-4,8,4
-16,-4,8,7
-14,-4,8,7
-12,-4,8,7
-10,-4,8,6
-8,-4,8,1
-6,-4,8,6
-4,-4,8,6
-2,-4,8,6
2,-4,8,1
4,-4,8,1
6,-4,8,1
8,-4,8,1
10,-4,8,7
12,-4,8,6
14,-4,8,7
16,-4,8,7
-16,-2,8,4
-14,-2,8,7
-12,-2,8,7
-10,-2,8,7
-8,-2,8,1
-6,-2,8,6
-4,-2,8,6
4,-2,8,1
6,-2,8,6
8,-2,8,7
10,-2,8,1
12,-2,8,6
14,-2,8,6
-14,-0,8,7
-12,-0,8,1
-10,-0,8,6
-8,-0,8,6
-6,-0,8,6
14,-36,10,2
16,-36,10,2
18,-36,10,9
20,-36,10,9
-22,-34,10,9
-20,-34,10,9
-18,-34,10,2
-16,-34,10,2
-14,-34,10,1
-12,-34,10,0
10,-34,10,0
12,-34,10,1
14,-34,10,9
16,-34,10,9
18,-34,10,9
20,-34,10,9
22,-34,10,9
24,-34,10,6
-26,-32,10,7
-24,-32,10,7
-22,-32,10,4
-20,-32,10,9
-18,-32,10,9
-16,-32,10,9
-14,-32,10,1
-12,-32,10,1
-10,-32,10,0
6,-32,10,0
8,-32,10,1
10,-32,10,1
12,-32,10,1
14,-32,10,1
16,-32,10,9
18,-32,10,9
20,-32,10,4
22,-32,10,7
24,-32,10,6
-26,-30,10,6
-24,-30,10,7
-22,-30,10,4
-20,-30,10,4
-18,-30,10,4
-16,-30,10,9
-14,-30,10,1
-12,-30,10,1
-10,-30,10,1
-8,-30,10,1
6,-30,10,1
8,-30,10,1
10,-30,10,1
12,-30,10,1
14,-30,10,7
16,-30,10,4
18,-30,10,4
20,-30,10,4
22,-30,10,7
24,-30,10,9
-26,-28,10,7
-24,-28,10,7
-22,-28,10,4
-20,-28,10,4
-18,-28,10,4
-16,-28,10,4
-14,-28,10,1
-12,-28,10,1
-10,-28,10,1
-8,-28,10,1
-6,-28,10,1
4,-28,10,1
6,-28,10,1
8,-28,10,1
10,-28,10,1
12,-28,10,9
14,-28,10,7
16,-28,10,4
18,-28,10,4
20,-28,10,4
22,-28,10,4
24,-28,10,7
-26,-26,10,7
-24,-26,10,7
-22,-26,10,4
-20,-26,10,4
-18,-26,10,4
-16,-26,10,4
-14,-26,10,9
-12,-26,10,9
-10,-26,10,1
-8,-26,10,1
-6,-26,10,6
4,-26,10,1
6,-26,10,1
8,-26,10,1
10,-26,10,9
12,-26,10,4
14,-26,10,4
16,-26,10,2
18,-26,10,2
20,-26,10,2
22,-26,10,4
24,-26,10,7
-26,-24,10,7
-24,-24,10,2
-22,-24,10,4
-20,-24,10,2
-18,-24,10,2
-16,-24,10,2
-14,-24,10,2
-12,-24,10,9
-10,-24,10,7
-8,-24,10,7
-6,-24,10,7
-4,-24,10,6
2,-24,10,1
4,-24,10,1
6,-24,10,7
8,-24,10,7
10,-24,10,9
12,-24,10,4
14,-24,10,4
16,-24,10,2
18,-24,10,2
20,-24,10,4
22,-24,10,2
24,-24,10,7
-26,-22,10,7
-24,-22,10,4
-22,-22,10,4
-20,-22,10,2
-18,-22,10,2
-16,-22,10,2
-14,-22,10,4
-12,-22,10,4
-10,-22,10,7
-8,-22,10,7
-6,-22,10,7
-4,-22,10,6
2,-22,10,1
4,-22,10,7
6,-22,10,7
8,-22,10,7
10,-22,10,4
12,-22,10,4
14,-22,10,7
16,-22,10,2
18,-22,10,2
20,-22,10,4
22,-22,10,7
-24,-20,10,4
-22,-20,10,7
-20,-20,10,2
-18,-20,10,5
-16,-20,10,4
-14,-20,10,4
-12,-20,10,7
-10,-20,10,7
-8,-20,10,7
-6,-20,10,7
-4,-20,10,7
-2,-20,10,6
2,-20,10,1
4,-20,10,7
6,-20,10,7
8,-20,10,7
10,-20,10,7
12,-20,10,4
14,-20,10,7
16,-20,10,7
18,-20,10,7
20,-20,10,7
22,-20,10,7
-24,-18,10,1
-22,-18,10,7
-20,-18,10,4
-18,-18,10,7
-16,-18,10,7
-14,-18,10,7
-12,-18,10,7
-10,-18,10,7
-8,-18,10,7
-6,-18,10,7
-4,-18,10,7
-2,-18,10,1
0,-18,10,1
2,-18,10,1
4,-18,10,7
6,-18,10,7
8,-18,10,7
10,-18,10,7
12,-18,10,7
14,-18,10,7
16,-18,10,7
18,-18,10,7
20,-18,10,7
22,-18,10,1
-24,-16,10,4
-22,-16,10,4
-20,-16,10,7
-18,-16,10,7
-16,-16,10,7
-14,-16,10,7
-12,-16,10,7
-10,-16,10,7
-8,-16,10,7
-6,-16,10,7
-4,-16,10,7
-2,-16,10,1
0,-16,10,1
2,-16,10,1
4,-16,10,7
6,-16,10,7
8,-16,10,7
10,-16,10,7
12,-16,10,7
14,-16,10,7
16,-16,10,7
18,-16,10,7
20,-16,10,7
22,-16,10,4
-22,-14,10,4
-20,-14,10,7
-18,-14,10,7
-16,-14,10,7
-14,-14,10,7
-12,-14,10,7
-10,-14,10,7
-8,-14,10,7
-6,-14,10,7
-4,-14,10,7
-2,-14,10,1
0,-14,10,1
2,-14,10,1
4,-14,10,7
6,-14,10,7
8,-14,10,7
10,-14,10,7
12,-14,10,7
14,-14,10,7
16,-14,10,7
18,-14,10,7
20,-14,10,4
22,-14,10,7
-22,-12,10,4
-20,-12,10,1
-18,-12,10,7
-16,-12,10,7
-14,-12,10,7
-12,-12,10,7
-10,-12,10,6
-8,-12,10,6
-6,-12,10,6
-4,-12,10,1
-2,-12,10,1
0,-12,10,0
2,-12,10,1
4,-12,10,1
6,-12,10,7
8,-12,10,1
10,-12,10,6
12,-12,10,7
14,-12,10,7
16,-12,10,7
18,-12,10,7
20,-12,10,7
-20,-10,10,4
-18,-10,10,7
-16,-10,10,7
-14,-10,10,7
-12,-10,10,7
-10,-10,10,6
-8,-10,10,6
-6,-10,10,6
-4,-10,10,6
-2,-10,10,1
0,-10,10,0
2,-10,10,1
4,-10,10,1
6,-10,10,7
8,-10,10,1
10,-10,10,6
12,-10,10,7
14,-10,10,7
16,-10,10,7
18,-10,10,7
-20,-8,10,4
-18,-8,10,7
-16,-8,10,7
-14,-8,10,7
-12,-8,10,6
-10,-8,10,6
-8,-8,10,6
-6,-8,10,6
-4,-8,10,6
-2,-8,10,1
0,-8,10,0
2,-8,10,1
4,-8,10,1
6,-8,10,7
8,-8,10,1
10,-8,10,6
12,-8,10,7
14,-8,10,7
16,-8,10,7
18,-8,10,6
-18,-6,10,7
-16,-6,10,7
-14,-6,10,7
-12,-6,10,7
-10,-6,10,6
-8,-6,10,6
-6,-6,10,7
-4,-6,10,6
-2,-6,10,6
0,-6,10,1
2,-6,10,1
4,-6,10,1
6,-6,10,1
8,-6,10,1
10,-6,10,6
12,-6,10,7
14,-6,10,7
16,-6,10,1
-18,-4,10,7
-16,-4,10,6
-14,-4,10,6
-12,-4,10,6
-10,-4,10,1
-8,-4,10,6
-6,-4,10,7
-4,-4,10,6
-2,-4,10,6
2,-4,10,1
4,-4,10,1
6,-4,10,6
8,-4,10,1
10,-4,10,7
12,-4,10,6
14,-4,10,7
16,-4,10,7
-16,-2,10,7
-14,-2,10,7
-12,-2,10,6
-10,-2,10,6
-8,-2,10,6
-6,-2,10,6
-4,-2,10,6
4,-2,10,1
6,-2,10,6
8,-2,10,6
10,-2,10,6
12,-2,10,6
-12,-0,10,7
-20,-34,12,9
-18,-34,12,9
-16,-34,12,2
-14,-34,12,2
10,-34,12,2
12,-34,12,2
14,-34,12,4
16,-34,12,4
18,-34,12,9
-24,-32,12,9
-22,-32,12,9
-20,-32,12,9
-18,-32,12,9
-16,-32,12,9
-14,-32,12,4
-12,-32,12,2
-10,-32,12,1
8,-32,12,2
10,-32,12,2
12,-32,12,9
14,-32,12,9
16,-32,12,1
18,-32,12,4
20,-32,12,9
22,-32,12,9
-26,-30,12,7
-24,-30,12,7
-22,-30,12,9
-20,-30,12,9
-18,-30,12,9
-16,-30,12,9
-14,-30,12,1
-12,-30,12,1
-10,-30,12,1
-8,-30,12,1
6,-30,12,1
8,-30,12,1
10,-30,12,1
12,-30,12,1
14,-30,12,1
16,-30,12,9
18,-30,12,4
20,-30,12,4
22,-30,12,9
24,-30,12,7
-26,-28,12,7
-24,-28,12,7
-22,-28,12,4
-20,-28,12,4
-18,-28,12,4
-16,-28,12,4
-14,-28,12,1
-12,-28,12,1
-10,-28,12,1
-8,-28,12,1
-6,-28,12,0
4,-28,12,1
6,-28,12,1
8,-28,12,1
10,-28,12,1
12,-28,12,1
14,-28,12,4
16,-28,12,4
18,-28,12,4
20,-28,12,4
22,-28,12,4
24,-28,12,7
-26,-26,12,7
-24,-26,12,7
-22,-26,12,4
-20,-26,12,4
-18,-26,12,4
-16,-26,12,4
-14,-26,12,9
-12,-26,12,6
-10,-26,12,1
-8,-26,12,1
-6,-26,12,1
4,-26,12,1
6,-26,12,1
8,-26,12,1
10,-26,12,9
12,-26,12,4
14,-26,12,4
16,-26,12,4
18,-26,12,4
20,-26,12,4
22,-26,12,4
24,-26,12,7
-26,-24,12,9
-24,-24,12,7
-22,-24,12,4
-20,-24,12,2
-18,-24,12,2
-16,-24,12,4
-14,-24,12,9
-12,-24,12,7
-10,-24,12,9
-8,-24,12,6
-6,-24,12,1
-4,-24,12,6
2,-24,12,1
4,-24,12,1
6,-24,12,1
8,-24,12,7
10,-24,12,9
12,-24,12,9
14,-24,12,4
16,-24,12,2
18,-24,12,2
20,-24,12,7
22,-24,12,7
-24,-22,12,1
-22,-22,12,4
-20,-22,12,2
-18,-22,12,2
-16,-22,12,2
-14,-22,12,4
-12,-22,12,9
-10,-22,12,7
-8,-22,12,7
-6,-22,12,1
-4,-22,12,6
2,-22,12,1
4,-22,12,1
6,-22,12,7
8,-22,12,9
10,-22,12,9
12,-22,12,4
14,-22,12,7
16,-22,12,7
18,-22,12,7
20,-22,12,7
22,-22,12,7
-24,-20,12,1
-22,-20,12,4
-20,-20,12,4
-18,-20,12,2
-16,-20,12,4
-14,-20,12,7
-12,-20,12,4
-10,-20,12,7
-8,-20,12,7
-6,-20,12,1
-4,-20,12,6
-2,-20,12,1
2,-20,12,1
4,-20,12,1
6,-20,12,7
8,-20,12,7
10,-20,12,7
12,-20,12,7
14,-20,12,7
16,-20,12,7
18,-20,12,7
20,-20,12,4
22,-20,12,7
-24,-18,12,4
-22,-18,12,7
-20,-18,12,7
-18,-18,12,7
-16,-18,12,7
-14,-18,12,7
-12,-18,12,7
-10,-18,12,7
-8,-18,12,7
-6,-18,12,7
-4,-18,12,6
-2,-18,12,1
0,-18,12,1
2,-18,12,1
4,-18,12,1
6,-18,12,7
8,-18,12,7
10,-18,12,7
12,-18,12,7
14,-18,12,7
16,-18,12,7
18,-18,12,7
20,-18,12,7
22,-18,12,6
-24,-16,12,7
-22,-16,12,7
-20,-16,12,7
-18,-16,12,7
-16,-16,12,7
-14,-16,12,7
-12,-16,12,7
-10,-16,12,7
-8,-16,12,7
-6,-16,12,7
-4,-16,12,1
-2,-16,12,1
0,-16,12,1
2,-16,12,1
4,-16,12,1
6,-16,12,7
8,-16,12,7
10,-16,12,7
12,-16,12,7
14,-16,12,7
16,-16,12,7
18,-16,12,7
20,-16,12,7
22,-16,12,1
-24,-14,12,7
-22,-14,12,7
-20,-14,12,1
-18,-14,12,7
-16,-14,12,7
-14,-14,12,7
-12,-14,12,7
-10,-14,12,7
-8,-14,12,7
-6,-14,12,6
-4,-14,12,1
-2,-14,12,1
0,-14,12,1
2,-14,12,1
4,-14,12,1
6,-14,12,7
8,-14,12,7
10,-14,12,7
12,-14,12,7
14,-14,12,7
16,-14,12,7
18,-14,12,7
20,-14,12,7
22,-14,12,2
-22,-12,12,7
-20,-12,12,6
-18,-12,12,7
-16,-12,12,7
-14,-12,12,7
-12,-12,12,6
-10,-12,12,6
-8,-12,12,7
-6,-12,12,6
-4,-12,12,6
-2,-12,12,1
0,-12,12,1
2,-12,12,1
4,-12,12,1
6,-12,12,7
8,-12,12,1
10,-12,12,6
12,-12,12,6
14,-12,12,7
16,-12,12,7
18,-12,12,7
20,-12,12,4
-22,-10,12,5
-20,-10,12,4
-18,-10,12,7
-16,-10,12,7
-14,-10,12,7
-12,-10,12,6
-10,-10,12,6
-8,-10,12,7
-6,-10,12,7
-4,-10,12,6
-2,-10,12,1
0,-10,12,1
2,-10,12,1
4,-10,12,1
6,-10,12,7
8,-10,12,1
10,-10,12,1
12,-10,12,6
14,-10,12,7
16,-10,12,1
18,-10,12,7
-20,-8,12,4
-18,-8,12,7
-16,-8,12,7
-14,-8,12,7
-12,-8,12,6
-10,-8,12,6
-8,-8,12,7
-6,-8,12,6
-4,-8,12,6
-2,-8,12,1
0,-8,12,1
2,-8,12,1
4,-8,12,1
6,-8,12,6
8,-8,12,1
10,-8,12,7
12,-8,12,6
14,-8,12,7
16,-8,12,6
18,-8,12,4
-18,-6,12,7
-16,-6,12,7
-14,-6,12,7
-12,-6,12,7
-10,-6,12,1
-8,-6,12,6
-6,-6,12,6
-4,-6,12,6
-2,-6,12,6
2,-6,12,1
4,-6,12,1
6,-6,12,1
8,-6,12,6
10,-6,12,1
12,-6,12,7
14,-6,12,7
16,-6,12,7
-18,-4,12,7
-16,-4,12,6
-14,-4,12,6
-12,-4,12,6
-10,-4,12,6
-8,-4,12,6
-6,-4,12,6
-4,-4,12,6
-2,-4,12,1
2,-4,12,2
4,-4,12,1
6,-4,12,6
8,-4,12,6
10,-4,12,7
12,-4,12,6
14,-4,12,1
-16,-2,12,7
-14,-2,12,7
-12,-2,12,7
-10,-2,12,6
-8,-2,12,6
-6,-2,12,1
-4,-2,12,1
4,-2,12,1
6,-2,12,6
8,-2,12,6
10,-2,12,7
12,-2,12,7
14,-34,14,9
16,-34,14,9
-22,-32,14,9
-20,-32,14,4
-18,-32,14,9
-16,-32,14,9
-14,-32,14,4
-12,-32,14,2
10,-32,14,4
12,-32,14,4
14,-32,14,9
16,-32,14,9
18,-32,14,9
-24,-30,14,7
-22,-30,14,6
-20,-30,14,9
-18,-30,14,9
-16,-30,14,9
-14,-30,14,4
-12,-30,14,4
-10,-30,14,4
6,-30,14,7
8,-30,14,2
10,-30,14,4
12,-30,14,7
14,-30,14,9
16,-30,14,9
18,-30,14,9
20,-30,14,9
22,-30,14,6
-24,-28,14,6
-22,-28,14,6
-20,-28,14,7
-18,-28,14,9
-16,-28,14,9
-14,-28,14,6
-12,-28,14,9
-10,-28,14,4
-8,-28,14,9
6,-28,14,4
8,-28,14,9
10,-28,14,9
12,-28,14,1
14,-28,14,9
16,-28,14,9
18,-28,14,4
20,-28,14,7
22,-28,14,7
-24,-26,14,7
-22,-26,14,7
-20,-26,14,4
-18,-26,14,4
-16,-26,14,9
-14,-26,14,9
-12,-26,14,1
-10,-26,14,6
-8,-26,14,1
-6,-26,14,1
4,-26,14,1
6,-26,14,6
8,-26,14,1
10,-26,14,1
12,-26,14,9
14,-26,14,9
16,-26,14,4
18,-26,14,4
20,-26,14,7
22,-26,14,1
-24,-24,14,7
-22,-24,14,7
-20,-24,14,7
-18,-24,14,4
-16,-24,14,4
-14,-24,14,9
-12,-24,14,6
-10,-24,14,6
-8,-24,14,1
-6,-24,14,1
2,-24,14,6
4,-24,14,1
6,-24,14,1
8,-24,14,6
10,-24,14,6
12,-24,14,7
14,-24,14,9
16,-24,14,7
18,-24,14,7
20,-24,14,7
22,-24,14,7
-24,-22,14,7
-22,-22,14,7
-20,-22,14,7
-18,-22,14,4
-16,-22,14,4
-14,-22,14,7
-12,-22,14,7
-10,-22,14,1
-8,-22,14,1
-6,-22,14,1
-4,-22,14,6
2,-22,14,6
4,-22,14,1
6,-22,14,1
8,-22,14,7
10,-22,14,7
12,-22,14,7
14,-22,14,7
16,-22,14,7
18,-22,14,7
20,-22,14,7
22,-22,14,7
-24,-20,14,7
-22,-20,14,7
-20,-20,14,7
-18,-20,14,7
-16,-20,14,7
-14,-20,14,7
-12,-20,14,7
-10,-20,14,7
-8,-20,14,1
-6,-20,14,1
-4,-20,14,6
2,-20,14,1
4,-20,14,1
6,-20,14,1
8,-20,14,7
10,-20,14,7
12,-20,14,7
14,-20,14,7
16,-20,14,7
18,-20,14,7
20,-20,14,7
22,-20,14,7
-24,-18,14,7
-22,-18,14,7
-20,-18,14,7
-18,-18,14,7
-16,-18,14,7
-14,-18,14,7
-12,-18,14,4
-10,-18,14,7
-8,-18,14,6
-6,-18,14,1
-4,-18,14,1
-2,-18,14,6
2,-18,14,1
4,-18,14,6
6,-18,14,1
8,-18,14,7
10,-18,14,7
12,-18,14,7
14,-18,14,7
16,-18,14,7
18,-18,14,7
20,-18,14,7
22,-18,14,4
-24,-16,14,7
-22,-16,14,7
-20,-16,14,6
-18,-16,14,7
-16,-16,14,7
-14,-16,14,7
-12,-16,14,7
-10,-16,14,7
-8,-16,14,1
-6,-16,14,6
-4,-16,14,6
-2,-16,14,6
2,-16,14,1
4,-16,14,1
6,-16,14,7
8,-16,14,7
10,-16,14,7
12,-16,14,7
14,-16,14,7
16,-16,14,7
18,-16,14,6
20,-16,14,4
22,-16,14,1
-22,-14,14,7
-20,-14,14,6
-18,-14,14,7
-16,-14,14,7
-14,-14,14,7
-12,-14,14,6
-10,-14,14,6
-8,-14,14,7
-6,-14,14,6
-4,-14,14,6
-2,-14,14,6
0,-14,14,6
2,-14,14,1
4,-14,14,6
6,-14,14,1
8,-14,14,7
10,-14,14,6
12,-14,14,6
14,-14,14,7
16,-14,14,7
18,-14,14,7
20,-14,14,4
22,-14,14,7
-22,-12,14,7
-20,-12,14,7
-18,-12,14,7
-16,-12,14,7
-14,-12,14,7
-12,-12,14,6
-10,-12,14,6
-8,-12,14,6
-6,-12,14,6
-4,-12,14,6
-2,-12,14,6
2,-12,14,1
4,-12,14,6
6,-12,14,7
8,-12,14,7
10,-12,14,1
12,-12,14,6
14,-12,14,7
16,-12,14,7
18,-12,14,7
20,-12,14,4
-20,-10,14,7
-18,-10,14,7
-16,-10,14,6
-14,-10,14,7
-12,-10,14,6
-10,-10,14,6
-8,-10,14,1
-6,-10,14,6
-4,-10,14,6
-2,-10,14,7
2,-10,14,1
4,-10,14,6
6,-10,14,6
8,-10,14,6
10,-10,14,1
12,-10,14,6
14,-10,14,7
16,-10,14,7
18,-10,14,7
-20,-8,14,4
-18,-8,14,7
-16,-8,14,7
-14,-8,14,6
-12,-8,14,6
-10,-8,14,1
-8,-8,14,7
-6,-8,14,6
-4,-8,14,6
-2,-8,14,9
2,-8,14,1
4,-8,14,6
6,-8,14,6
8,-8,14,6
10,-8,14,7
12,-8,14,1
14,-8,14,6
16,-8,14,6
18,-8,14,7
-18,-6,14,7
-16,-6,14,7
-14,-6,14,6
-12,-6,14,6
-10,-6,14,6
-8,-6,14,6
-6,-6,14,6
-4,-6,14,1
2,-6,14,7
4,-6,14,1
6,-6,14,1
8,-6,14,6
10,-6,14,6
12,-6,14,6
14,-6,14,7
16,-6,14,7
-16,-4,14,7
-14,-4,14,6
-12,-4,14,6
-10,-4,14,6
-8,-4,14,6
-6,-4,14,6
-4,-4,14,1
4,-4,14,1
6,-4,14,6
8,-4,14,6
10,-4,14,6
12,-4,14,7
14,-4,14,7
-14,-2,14,7
-8,-2,14,6
-6,-2,14,6
-18,-32,16,9
-22,-30,16,7
-18,-30,16,4
-16,-30,16,4
-14,-30,16,2
-12,-30,16,9
10,-30,16,9
12,-30,16,7
14,-30,16,7
16,-30,16,9
-24,-28,16,9
-22,-28,16,7
-20,-28,16,6
-18,-28,16,9
-16,-28,16,9
-14,-28,16,7
-12,-28,16,4
-10,-28,16,4
8,-28,16,9
10,-28,16,9
12,-28,16,9
14,-28,16,9
16,-28,16,9
18,-28,16,9
20,-28,16,6
22,-28,16,7
-24,-26,16,7
-22,-26,16,7
-20,-26,16,7
-18,-26,16,9
-16,-26,16,9
-14,-26,16,9
-12,-26,16,9
-10,-26,16,4
-8,-26,16,4
6,-26,16,2
8,-26,16,9
10,-26,16,6
12,-26,16,1
14,-26,16,7
16,-26,16,7
18,-26,16,7
20,-26,16,6
22,-26,16,9
-22,-24,16,7
-20,-24,16,7
-18,-24,16,7
-16,-24,16,9
-14,-24,16,6
-12,-24,16,1
-10,-24,16,7
-8,-24,16,4
-6,-24,16,9
4,-24,16,9
6,-24,16,9
8,-24,16,9
10,-24,16,6
12,-24,16,7
14,-24,16,7
16,-24,16,7
18,-24,16,7
20,-24,16,7
22,-24,16,7
-22,-22,16,1
-20,-22,16,7
-18,-22,16,7
-16,-22,16,7
-14,-22,16,6
-12,-22,16,7
-10,-22,16,1
-8,-22,16,7
-6,-22,16,4
4,-22,16,1
6,-22,16,7
8,-22,16,7
10,-22,16,7
12,-22,16,6
14,-22,16,7
16,-22,16,7
18,-22,16,7
20,-22,16,6
-22,-20,16,6
-20,-20,16,6
-18,-20,16,7
-16,-20,16,7
-14,-20,16,7
-12,-20,16,6
-10,-20,16,1
-8,-20,16,6
-6,-20,16,6
-4,-20,16,6
4,-20,16,1
6,-20,16,7
8,-20,16,1
10,-20,16,7
12,-20,16,7
14,-20,16,7
16,-20,16,7
18,-20,16,7
20,-20,16,6
-22,-18,16,6
-20,-18,16,7
-18,-18,16,7
-16,-18,16,7
-14,-18,16,7
-12,-18,16,7
-10,-18,16,6
-8,-18,16,6
-6,-18,16,1
-4,-18,16,1
2,-18,16,9
4,-18,16,9
6,-18,16,6
8,-18,16,7
10,-18,16,6
12,-18,16,7
14,-18,16,7
16,-18,16,7
18,-18,16,6
20,-18,16,7
-22,-16,16,6
-20,-16,16,6
-18,-16,16,7
-16,-16,16,7
-14,-16,16,7
-12,-16,16,7
-10,-16,16,1
-8,-16,16,6
-6,-16,16,1
-4,-16,16,6
2,-16,16,9
4,-16,16,6
6,-16,16,1
8,-16,16,1
10,-16,16,1
12,-16,16,6
14,-16,16,7
16,-16,16,7
18,-16,16,6
20,-16,16,6
-22,-14,16,7
-20,-14,16,6
-18,-14,16,7
-16,-14,16,7
-14,-14,16,7
-12,-14,16,7
-10,-14,16,7
-8,-14,16,6
-6,-14,16,6
-4,-14,16,6
2,-14,16,1
4,-14,16,1
6,-14,16,1
8,-14,16,1
10,-14,16,1
12,-14,16,6
14,-14,16,7
16,-14,16,7
18,-14,16,6
20,-14,16,7
-22,-12,16,7
-20,-12,16,7
-18,-12,16,6
-16,-12,16,6
-14,-12,16,7
-12,-12,16,6
-10,-12,16,1
-8,-12,16,1
-6,-12,16,6
-4,-12,16,6
2,-12,16,1
4,-12,16,1
6,-12,16,1
8,-12,16,1
10,-12,16,6
12,-12,16,6
14,-12,16,6
16,-12,16,6
18,-12,16,6
-20,-10,16,7
-18,-10,16,7
-16,-10,16,6
-14,-10,16,6
-12,-10,16,6
-10,-10,16,6
-8,-10,16,6
-6,-10,16,6
-4,-10,16,6
2,-10,16,1
4,-10,16,1
6,-10,16,7
8,-10,16,6
10,-10,16,6
12,-10,16,6
14,-10,16,6
16,-10,16,6
18,-10,16,7
-18,-8,16,7
-16,-8,16,6
-14,-8,16,6
-12,-8,16,6
-10,-8,16,6
-8,-8,16,1
-6,-8,16,6
-4,-8,16,1
2,-8,16,9
4,-8,16,1
6,-8,16,7
8,-8,16,6
10,-8,16,6
12,-8,16,6
14,-8,16,7
16,-8,16,7
-16,-6,16,7
-14,-6,16,7
-12,-6,16,6
-10,-6,16,6
-8,-6,16,6
-6,-6,16,1
-4,-6,16,1
4,-6,16,1
6,-6,16,7
8,-6,16,6
10,-6,16,6
12,-6,16,7
14,-6,16,7
-14,-4,16,7
-12,-4,16,7
-10,-4,16,6
-8,-4,16,6
-6,-4,16,2
12,-4,16,7
-18,-28,18,9
-16,-28,18,4
-14,-28,18,2
10,-28,18,9
12,-28,18,9
14,-28,18,9
-18,-26,18,9
-16,-26,18,9
-14,-26,18,9
-12,-26,18,4
8,-26,18,9
10,-26,18,9
12,-26,18,9
14,-26,18,9
16,-26,18,7
18,-26,18,7
20,-26,18,7
-16,-24,18,9
-14,-24,18,9
-12,-24,18,9
-10,-24,18,9
6,-24,18,9
8,-24,18,9
10,-24,18,9
12,-24,18,9
14,-24,18,7
16,-24,18,7
18,-24,18,7
20,-24,18,7
-16,-22,18,7
-14,-22,18,9
-12,-22,18,6
-10,-22,18,9
-8,-22,18,9
6,-22,18,9
8,-22,18,7
10,-22,18,9
12,-22,18,7
14,-22,18,7
16,-22,18,7
18,-22,18,7
-20,-20,18,7
-16,-20,18,7
-14,-20,18,7
-12,-20,18,6
-10,-20,18,6
-8,-20,18,9
4,-20,18,4
6,-20,18,7
8,-20,18,6
10,-20,18,1
12,-20,18,6
14,-20,18,7
16,-20,18,7
18,-20,18,7
-22,-18,18,7
-20,-18,18,7
-18,-18,18,7
-16,-18,18,7
-14,-18,18,7
-12,-18,18,6
-10,-18,18,6
-8,-18,18,6
-6,-18,18,9
4,-18,18,9
6,-18,18,6
8,-18,18,1
10,-18,18,6
12,-18,18,6
14,-18,18,6
16,-18,18,6
18,-18,18,7
-22,-16,18,6
-20,-16,18,7
-18,-16,18,7
-16,-16,18,7
-14,-16,18,7
-12,-16,18,6
-10,-16,18,6
-8,-16,18,6
-6,-16,18,9
4,-16,18,9
6,-16,18,6
8,-16,18,6
10,-16,18,6
12,-16,18,6
14,-16,18,6
16,-16,18,7
18,-16,18,6
-20,-14,18,7
-18,-14,18,6
-16,-14,18,6
-14,-14,18,6
-12,-14,18,6
-10,-14,18,6
-8,-14,18,6
-6,-14,18,9
4,-14,18,4
6,-14,18,6
8,-14,18,6
10,-14,18,6
12,-14,18,6
14,-14,18,6
16,-14,18,7
18,-14,18,6
-18,-12,18,7
-16,-12,18,7
-14,-12,18,6
-12,-12,18,6
-10,-12,18,6
-8,-12,18,6
-6,-12,18,4
4,-12,18,4
6,-12,18,9
8,-12,18,6
10,-12,18,6
12,-12,18,6
14,-12,18,6
16,-12,18,6
-18,-10,18,7
-16,-10,18,7
-14,-10,18,6
-12,-10,18,6
-10,-10,18,6
-8,-10,18,9
-6,-10,18,4
4,-10,18,4
6,-10,18,9
8,-10,18,9
10,-10,18,6
12,-10,18,6
14,-10,18,7
16,-10,18,7
-16,-8,18,7
-14,-8,18,7
-12,-8,18,6
-10,-8,18,6
-8,-8,18,2
-6,-8,18,2
6,-8,18,4
8,-8,18,9
12,-8,18,7
14,-8,18,7
12,-24,20,4
-14,-22,20,9
-12,-22,20,4
10,-22,20,9
12,-22,20,4
14,-22,20,9
-14,-20,20,9
-12,-20,20,4
8,-20,20,7
10,-20,20,9
14,-20,20,6
-14,-18,20,9
-12,-18,20,9
-10,-18,20,9
8,-18,20,7
14,-18,20,6
-16,-16,20,7
-14,-16,20,6
-12,-16,20,9
-10,-16,20,4
-8,-16,20,2
6,-16,20,7
12,-16,20,9
14,-16,20,6
16,-16,20,7
-16,-14,20,7
-14,-14,20,6
-12,-14,20,9
-10,-14,20,4
-8,-14,20,9
6,-14,20,2
12,-14,20,6
14,-14,20,7
-14,-12,20,7
-10,-12,20,9
-8,-12,20,4
8,-12,20,4
12,-12,20,6
14,-12,20,7
