686
690
691
695
696
699
700
701
705
706
707
711
716
724
732
741
742
754
776
799
908
909
913
914
918
919
923
924
925
929
936
941
942
948
949
957
958
966
967
976
988
989
1009
1049
1107
1147
1148
1152
1153
1157
1158
1162
1163
1167
1172
1173
1179
1186
1195
1204
1214
1225
1242
1260
1280
1300
1301
1382
1390
1396
1407
1412
1419
1426
1435
1444
1445
1465
1619
1624
1660
1679
1834
1841
1842
1845
1846
1894
2068
2094
2102
2112
2122
2133
2134
2317
2326
2327
2335
2336
2337
2338
2345
2346
2347
2348
2359
2360
2372
2373
2374
2375
2385
2386
2503
2504
