509
513
705
706
714
715
716
724
725
733
981
982
983
995
996
997
998
1008
1009
1010
1011
1022
1023
1024
1032
1033
1301
1317
1318
1319
1320
1321
1333
1334
1335
1336
1347
1348
1349
1350
1351
1362
1363
1364
1372
1373
1613
1633
1651
1652
1653
1668
1669
1670
1671
1686
1687
1688
1689
1703
1704
1705
1706
1707
1720
1721
1722
1733
1734
1997
1998
1999
2018
2019
2020
2021
2039
2040
2041
2042
2058
2059
2060
2061
2076
2077
2078
2079
2092
2093
2094
2095
2108
2109
2266
2290
2291
2313
2337
2356
2357
2358
2359
2360
2378
2379
2380
2381
2398
2399
2400
2401
2402
2418
2419
2420
2421
2437
2438
2439
2440
2455
2456
2600
2645
2646
2668
2669
2692
2714
2715
2735
2736
2737
2738
2755
2756
2757
2758
2759
2775
2776
2777
2778
2795
2796
2797
2812
2894
2938
2939
2960
2961
2982
2983
3006
3007
3029
3030
3031
3052
3053
3054
3075
3076
3077
3097
3098
3117
3118
3232
3252
3253
3254
3274
3275
3295
3296
3318
3319
3341
3363
3364
3385
3520
3538
3539
3557
3576
3577
3596
