  3
  4
  5
  6
  8
 18
 19
 31
 34
 37
 38
 39
 40
 44
 45
 47
 48
 53
 57
 58
 59
 62
 64
 67
 68
 69
 74
 75
 77
 78
 79
 80
 83
 85
 86
 87
 90
 97
 99
106
108
109
110
111
112
113
114
115
116
117
120
121
122
123
126
127
130
137
138
139
140
141
144
146
150
151
157
160
161
162
164
166
177
178
179
181
182
191
192
193
197
198
200
201
203
204
205
212
213
214
215
216
217
220
223
225
226
228
229
230
231
232
238
241
243
244
249
250
251
252
255
256
263
264
268
269
274
275
278
279
282
283
284
286
289
290
292
293
296
298
310
313
316
318
322
323
324
325
326
327
330
331
332
333
