390
431
514
523
530
531
541
542
543
567
588
589
608
609
610
611
629
630
645
646
647
648
662
688
709
710
714
715
722
723
730
731
738
739
740
752
753
774
775
796
797
798
819
820
821
838
839
840
841
859
860
874
912
932
933
938
939
940
945
946
947
956
987
1008
1027
1028
1044
1047
1048
1067
1068
1069
1085
1086
1151
1159
1160
1161
1164
1165
1166
1224
1240
1241
1258
1259
1278
1279
1296
1297
1298
1316
1334
1453
1463
1464
1479
1496
1513
1514
1530
1531
1550
1640
1689
1701
1715
1716
1731
1732
1747
1748
1764
1765
1781
1783
1798
1915
1928
1942
1955
1970
1971
1984
1986
2001
2018
2032
2143
2144
2158
2169
2170
2171
2184
2198
2199
2213
2214
2229
2342
2343
2344
2355
2356
2357
2370
2380
2383
2394
2395
2396
2407
2408
2409
2410
2423
2424
2438
2508
2516
2517
2518
2526
2527
2539
2549
2550
2551
2562
2563
2564
2573
2574
2575
2585
2586
2587
2600
2610
2622
2632
2674
2684
2693
2704
2743
2744
2753
2754
2763
2835
