2.000000000000000000e+00
1.200000000000000000e+01
3.000000000000000000e+01
4.100000000000000000e+01
4.800000000000000000e+01
5.000000000000000000e+01
5.400000000000000000e+01
5.800000000000000000e+01
8.800000000000000000e+01
9.100000000000000000e+01
1.630000000000000000e+02
1.730000000000000000e+02
1.800000000000000000e+02
1.890000000000000000e+02
1.990000000000000000e+02
2.030000000000000000e+02
2.070000000000000000e+02
2.090000000000000000e+02
2.130000000000000000e+02
2.150000000000000000e+02
2.190000000000000000e+02
2.570000000000000000e+02
2.700000000000000000e+02
