-11.200000 -52.400000 36.500000
-18.800000 -48.700000 65.000000
-51.800000 -7.800000 38.500000
-11.700000 26.700000 57.000000
-18.400000 -85.500000 21.600000
-47.200000 -58.000000 30.800000
-38.100000 48.800000 10.500000
-16.800000 -60.100000 -5.400000
-55.900000 -47.700000 -9.300000
-32.000000 -29.300000 15.600000
-6.100000 -26.000000 28.500000
-14.400000 -57.800000 18.400000
-8.800000 -49.800000 4.200000
-11.300000 -83.200000 3.900000
-22.000000 -58.100000 1.500000
-9.600000 -58.000000 3.000000
-29.000000 -35.900000 -8.300000
-18.500000 -39.200000 -1.100000
-16.700000 -46.000000 -3.700000
-16.600000 -36.100000 42.700000
-9.400000 -0.100000 42.900000
-3.800000 12.100000 64.600000
-5.500000 29.300000 44.000000
-5.600000 42.200000 35.100000
-1.700000 -17.700000 39.100000
-8.400000 14.600000 33.800000
-9.000000 25.300000 27.700000
-10.000000 33.900000 21.500000
-10.700000 -47.500000 60.300000
-15.600000 -33.100000 66.100000
-10.900000 -29.300000 69.500000
-8.000000 -8.700000 62.900000
-10.800000 -41.100000 64.900000
-5.000000 -28.200000 60.400000
-5.400000 -15.900000 48.800000
-35.800000 -29.700000 54.500000
-41.500000 -12.500000 50.400000
-42.100000 -4.500000 47.300000
-27.300000 -6.800000 46.300000
-27.300000 1.900000 52.900000
-19.800000 6.400000 55.700000
-19.500000 30.100000 45.500000
-36.800000 -22.800000 61.900000
-20.500000 -24.900000 64.500000
-23.400000 -13.800000 64.200000
-17.200000 -8.600000 67.900000
-21.300000 -0.200000 62.700000
-28.600000 -44.700000 61.700000
-31.100000 -48.900000 47.100000
-42.900000 -45.000000 43.000000
-51.500000 -11.900000 29.700000
-54.100000 -21.300000 40.800000
-51.700000 -30.900000 39.900000
-35.200000 -35.300000 42.000000
-27.500000 -37.200000 61.400000
-47.200000 -31.400000 54.800000
-46.100000 -17.800000 52.700000
-44.800000 -54.000000 14.600000
-51.600000 -55.900000 11.400000
-48.100000 -40.000000 2.400000
-57.700000 -40.600000 35.800000
-46.300000 -41.400000 25.900000
-35.800000 -33.500000 19.900000
-52.700000 -20.600000 5.400000
-59.600000 -38.500000 16.500000
-58.700000 -29.900000 11.100000
-40.600000 -38.300000 14.500000
-33.700000 -21.800000 9.900000
-38.700000 -16.000000 -5.300000
-39.100000 -1.600000 -12.200000
-43.600000 36.300000 8.500000
-50.000000 20.800000 10.600000
-37.700000 2.900000 11.700000
-37.200000 -14.000000 19.400000
-40.300000 50.400000 -4.800000
-47.200000 39.000000 -9.100000
-29.100000 20.500000 -14.000000
-36.600000 1.400000 6.400000
-37.300000 8.900000 -0.900000
-32.500000 17.200000 -7.800000
-28.800000 23.700000 8.400000
-44.300000 33.200000 -7.200000
-45.400000 28.800000 0.800000
-20.400000 -64.600000 51.400000
-25.800000 -65.000000 32.200000
-12.700000 -64.900000 31.800000
-13.700000 -77.400000 26.600000
-9.900000 -56.900000 59.800000
-7.100000 -63.700000 54.900000
-10.900000 -73.400000 42.900000
-39.300000 -73.900000 38.300000
-30.000000 -74.100000 36.100000
-34.100000 -61.000000 42.400000
-31.300000 -84.200000 9.000000
-34.200000 -86.600000 -0.500000
-43.400000 -67.600000 9.700000
-46.200000 -57.700000 -7.900000
-59.800000 -4.100000 8.800000
-52.200000 -14.100000 15.200000
-55.100000 -32.300000 23.000000
-50.600000 -22.400000 19.200000
-58.800000 -23.900000 31.000000
-45.200000 2.700000 32.400000
-34.700000 5.600000 34.000000
-43.000000 19.400000 33.500000
-40.200000 23.600000 23.300000
-37.600000 38.400000 17.200000
-51.800000 -0.600000 5.000000
-48.600000 7.500000 11.100000
-41.600000 8.700000 22.200000
-27.500000 53.600000 0.000000
-23.400000 61.000000 -6.800000
-5.900000 54.800000 -11.300000
-6.800000 38.200000 -9.400000
-34.700000 35.600000 -9.600000
-22.500000 32.100000 -13.600000
-23.800000 52.200000 -12.800000
-17.300000 46.600000 -17.900000
-13.300000 24.000000 -16.400000
-63.200000 -28.700000 -7.200000
-53.100000 -11.400000 -16.000000
-33.800000 -33.200000 -15.400000
-28.800000 -58.800000 -9.100000
-5.400000 -88.000000 18.600000
-8.600000 -77.500000 -3.500000
-41.200000 -72.100000 -5.900000
-25.200000 -97.200000 -7.900000
-22.600000 -81.700000 -11.700000
-22.500000 -37.100000 -15.000000
-22.000000 -21.900000 -17.400000
-15.900000 48.600000 37.200000
-19.500000 56.300000 27.500000
-26.600000 46.800000 20.900000
-21.300000 63.100000 1.900000
-28.600000 50.900000 10.100000
-6.500000 54.700000 18.100000
-15.700000 64.700000 13.700000
-6.000000 44.900000 6.300000
-28.800000 38.300000 28.200000
-26.200000 26.600000 38.800000
-35.700000 33.100000 32.000000
-29.300000 16.800000 50.700000
-41.700000 16.100000 47.500000
-38.700000 4.800000 48.400000
-54.400000 -1.400000 -0.700000
-59.000000 -18.000000 -3.000000
12.300000 -51.600000 34.500000
20.800000 -48.200000 66.100000
49.600000 -7.400000 36.100000
11.900000 21.900000 59.900000
22.000000 -84.600000 23.700000
47.900000 -42.500000 41.500000
38.100000 45.900000 7.700000
22.300000 -46.500000 -9.900000
59.700000 -41.000000 -10.900000
33.600000 -22.300000 13.000000
7.600000 -27.000000 28.400000
13.800000 -54.100000 10.900000
15.500000 -74.100000 9.400000
19.600000 -45.300000 -4.400000
15.600000 -59.600000 -5.000000
24.900000 -35.900000 -4.800000
19.400000 -29.900000 -9.700000
16.200000 -33.100000 43.200000
6.700000 5.000000 55.900000
7.000000 25.700000 47.300000
8.400000 34.700000 22.600000
7.700000 44.100000 5.500000
8.600000 4.200000 40.100000
3.000000 -19.600000 37.900000
8.800000 10.800000 45.900000
6.000000 21.800000 32.400000
10.300000 -57.300000 58.300000
16.500000 -32.800000 67.700000
4.800000 -27.100000 64.800000
16.200000 0.800000 67.500000
11.900000 -40.700000 67.000000
5.100000 -17.100000 51.600000
6.800000 -8.100000 50.900000
8.000000 -6.200000 63.700000
42.300000 -11.000000 47.300000
42.500000 -2.300000 47.200000
29.200000 1.900000 52.400000
21.900000 21.000000 46.200000
38.100000 -22.400000 60.300000
19.700000 -25.000000 65.200000
29.900000 -7.800000 47.400000
12.400000 -28.300000 69.600000
29.200000 -13.500000 64.200000
20.900000 -6.400000 65.000000
22.600000 5.600000 57.600000
29.500000 -42.500000 60.400000
34.200000 -40.600000 51.600000
38.800000 -42.600000 40.400000
53.900000 -8.300000 26.100000
39.600000 -31.500000 39.700000
28.000000 -34.800000 63.100000
39.200000 -34.600000 57.500000
37.300000 -25.900000 50.900000
48.700000 -26.100000 52.200000
47.800000 -15.100000 49.300000
57.500000 -40.300000 34.700000
48.900000 -53.000000 28.600000
57.500000 -45.300000 9.000000
60.900000 -38.700000 1.700000
54.900000 -27.000000 29.600000
36.400000 -30.700000 19.400000
62.500000 -25.600000 -5.500000
57.100000 -17.000000 -2.600000
53.800000 -15.800000 5.200000
47.400000 -39.600000 13.200000
45.500000 -37.300000 3.400000
59.200000 -38.600000 14.600000
48.500000 -26.500000 -0.100000
61.700000 -24.000000 1.300000
60.000000 -25.200000 10.200000
38.800000 -14.400000 -5.000000
39.700000 1.200000 -13.100000
36.800000 37.800000 13.100000
52.500000 23.700000 10.300000
36.700000 5.200000 12.700000
38.400000 -12.200000 20.000000
42.800000 48.300000 -5.100000
48.100000 38.300000 -9.200000
45.200000 30.700000 -5.600000
27.400000 19.700000 -14.900000
36.600000 -10.000000 12.400000
39.600000 10.400000 -1.600000
36.500000 5.700000 6.000000
30.600000 22.800000 -4.700000
33.700000 22.600000 3.700000
34.000000 24.400000 10.000000
48.100000 38.400000 2.400000
26.800000 -55.000000 54.200000
23.000000 -66.400000 51.800000
32.300000 -63.600000 33.800000
15.600000 -69.500000 39.600000
17.600000 -78.300000 34.000000
7.700000 -85.600000 31.600000
7.400000 -69.300000 49.900000
35.400000 -77.100000 21.100000
46.500000 -67.300000 36.200000
41.500000 -53.500000 44.000000
35.700000 -56.700000 45.200000
33.500000 -48.200000 49.400000
31.700000 -85.700000 2.400000
43.800000 -67.200000 2.000000
47.300000 -52.400000 -11.700000
57.000000 -53.800000 -1.100000
49.000000 -54.500000 8.800000
60.900000 -2.200000 10.700000
54.200000 -13.600000 16.900000
53.000000 -22.700000 39.100000
47.300000 2.000000 37.600000
37.800000 28.700000 35.600000
41.800000 29.100000 21.600000
50.100000 3.000000 3.900000
46.600000 7.800000 19.300000
38.600000 18.800000 25.500000
28.400000 57.000000 -5.100000
4.800000 65.100000 -7.100000
7.200000 48.400000 -10.100000
35.100000 37.300000 -8.400000
25.400000 8.900000 -15.700000
21.200000 30.300000 -15.200000
21.600000 51.100000 -14.100000
13.500000 20.300000 -15.200000
62.300000 -26.400000 -16.000000
57.500000 -7.400000 -16.400000
45.200000 13.600000 -30.100000
31.200000 -45.600000 -5.800000
34.600000 -35.600000 -12.300000
20.100000 -21.400000 -21.500000
26.900000 -69.100000 -6.600000
13.800000 -92.300000 14.700000
10.500000 -73.800000 -1.500000
5.100000 -80.200000 23.100000
14.600000 -70.300000 23.300000
24.500000 -36.200000 -13.200000
21.000000 32.800000 42.100000
21.400000 42.800000 35.100000
24.400000 50.800000 24.300000
31.300000 39.700000 25.600000
23.500000 59.100000 4.900000
30.900000 52.200000 9.900000
16.000000 61.000000 19.800000
8.200000 53.800000 14.000000
5.900000 54.900000 29.400000
13.800000 46.700000 42.100000
6.800000 44.500000 34.800000
30.600000 18.900000 48.700000
42.400000 19.500000 48.200000
38.900000 9.600000 42.700000
55.800000 2.000000 -2.000000
54.400000 1.100000 -12.900000
57.100000 -6.300000 -7.700000
46.600000 -21.500000 -8.500000
