1.928862769551661138e+00
1.783413866928986069e+00
-6.707449882885723191e-01
1.179406887721772268e+00
1.541147726231204551e+00
2.828209827747527605e+00
-1.147168919808374987e+00
1.120834709986330502e+00
-1.330330343979460039e+00
3.324225848189030774e-01
-1.414213562373095590e+00
-3.779644730092274196e-01
-1.260939048734621926e+00
7.005216937414566747e-01
-9.807303712380393002e-01
2.802086774965826255e-01
7.559289460184543952e-01
0.000000000000000000e+00
2.802086774965826255e-01
-4.849410358927302434e-01
3.211096048478890297e-01
-1.218851934133871717e+00
-9.190695814019161913e-01
1.301686531599280106e-01
-4.693960523039829580e-01
8.584766986749685636e-01
-1.022308129719809777e+00
-1.156649903176579786e+00
-9.640074956372899351e-01
4.850002223009676761e-01
-5.056385296329237722e-01
-1.166064364255518182e+00
-1.331170822911166729e+00
-1.754256123216266228e-01
1.547873049896705544e-01
4.850002223009676761e-01
1.547873049896705544e-01
-1.513491768150545091e+00
1.417091018586815965e+00
-1.330330343979460039e+00
-9.640074956372899351e-01
1.179406887721772268e+00
1.310532515579210688e+00
9.803195982679134834e-01
-1.991596657533760917e+00
-7.808460714662047719e-01
8.676067460735608083e-01
6.844453219024757562e-01
1.966575291100071121e+00
1.349610493892205165e-01
-3.405320709772751697e-01
1.349610493892205165e-01
8.676067460735608083e-01
2.516059563613326500e+00
4.850002223009676761e-01
1.349610493892205165e-01
-1.496277281566815276e+00
0.000000000000000000e+00
0.000000000000000000e+00
1.179406887721772268e+00
-8.191571552242062071e-02
-1.902195902019278240e+00
5.355697199860104396e-01
1.348158260654439999e+00
-1.699048766852170989e+00
-8.864602261837413177e-01
-1.699048766852170989e+00
-2.770188206824191202e-01
-1.022308129719809777e+00
-7.536245828062699825e-01
-9.190695814019161913e-01
8.796245349898167420e-01
9.928184721317384609e-01
5.355697199860104396e-01
4.299510058918835087e-01
4.299510058918835087e-01
-1.696136995720274876e-01
1.127160245588508358e+00
1.530185565958817939e+00
-1.156649903176579786e+00
1.530185565958817939e+00
8.796245349898167420e-01
-1.696136995720274876e-01
1.600252442757901017e+00
-4.820037478186455643e-02
7.071067811865469066e-01
1.401043387482913127e-01
3.181224735603055964e-01
-4.145232231240346676e-01
7.071067811865469066e-01
-6.192872286699607765e-01
-1.330330343979460039e+00
-4.145232231240346676e-01
2.802086774965826255e-01
-7.005216937414566747e-01
-1.260939048734621926e+00
-4.820037478186455643e-02
1.145011125487332748e+00
5.355697199860104396e-01
5.355697199860104396e-01
7.387168551531179128e-01
9.928184721317384609e-01
1.600252442757901017e+00
-4.145232231240346676e-01
-1.147168919808374987e+00
-2.313617989529496155e-01
1.349610493892205165e-01
3.211096048478890297e-01
-2.162574889791905042e-01
-4.820037478186455643e-02
-1.068960757767893899e+00
-1.218851934133871717e+00
-1.696136995720274876e-01
2.800598295259057458e-01
-7.691784050359384839e-01
1.414213562373095145e+00
0.000000000000000000e+00
-7.071067811865473507e-01
0.000000000000000000e+00
1.301686531599280106e-01
1.179406887721772268e+00
-9.449111825230683825e-01
5.604173549931652509e-01
1.120834709986330502e+00
0.000000000000000000e+00
-9.807303712380393002e-01
-2.381773758720952650e+00
-4.203130162448739937e-01
1.322875655532295358e+00
0.000000000000000000e+00
8.796245349898167420e-01
-1.972252320604973158e-02
-1.559675223546889367e+00
-7.691784050359384839e-01
0.000000000000000000e+00
2.378536298649594372e+00
-4.693960523039829580e-01
2.800598295259057458e-01
-2.162574889791905042e-01
-1.368743110499849536e+00
-9.640074956372899351e-01
-7.691784050359384839e-01
1.179406887721772268e+00
-1.218851934133871717e+00
-1.292754496517956042e+00
-1.696136995720274876e-01
2.078753945917638735e+00
1.417091018586815965e+00
-6.707449882885723191e-01
-6.192872286699607765e-01
1.541147726231204551e+00
-4.145232231240346676e-01
-1.022308129719809777e+00
-2.802086774965826255e-01
-1.147168919808374987e+00
5.355697199860104396e-01
7.071067811865469066e-01
1.889822365046134600e-01
9.807303712380393002e-01
1.401043387482913127e-01
4.203130162448739937e-01
7.559289460184543952e-01
-2.078804601550749975e+00
-8.191571552242062071e-02
1.867678313911191601e-01
-7.536245828062699825e-01
-1.022308129719809777e+00
1.301686531599280106e-01
8.584766986749685636e-01
-4.693960523039829580e-01
9.928184721317384609e-01
7.241349252181986662e-01
-4.820037478186455643e-02
1.475638974234859235e+00
1.310532515579210688e+00
-1.330330343979460039e+00
-1.000957905599869413e+00
4.850002223009676761e-01
6.501066809566162785e-01
1.547873049896705544e-01
4.850002223009676761e-01
-9.640074956372899351e-01
5.012838977313905930e-01
-3.195048759380052505e-01
1.145426056923561919e+00
1.145426056923561919e+00
-2.313617989529496155e-01
-1.000957905599869413e+00
-2.156703116189409464e+00
-4.145232231240346676e-01
-2.313617989529496155e-01
-4.820037478186455643e-02
8.676067460735608083e-01
3.181224735603055964e-01
-5.056385296329237722e-01
1.417091018586815965e+00
1.310532515579210688e+00
1.349610493892205165e-01
1.310532515579210688e+00
-4.820037478186455643e-02
-1.754256123216266228e-01
-1.425333450090119358e+00
1.179406887721772268e+00
-9.190695814019161913e-01
-4.693960523039829580e-01
1.261502019045278145e+00
3.324225848189030774e-01
8.796245349898167420e-01
-1.972252320604973158e-02
9.418639903202252750e-01
-7.691784050359384839e-01
-1.696136995720274876e-01
-6.192872286699607765e-01
4.299510058918835087e-01
-3.195048759380052505e-01
1.145011125487332748e+00
5.242605793434926970e-02
-1.290991676633349572e+00
-1.156649903176579786e+00
-1.068960757767893899e+00
1.261502019045278145e+00
-3.405320709772751697e-01
-7.691784050359384839e-01
-7.691784050359384839e-01
7.297333586238390346e-01
-1.068960757767893899e+00
-8.864602261837413177e-01
7.241349252181986662e-01
5.897931517614287689e-01
-1.022308129719809777e+00
-1.022308129719809777e+00
1.664527339415587948e+00
0.000000000000000000e+00
6.844453219024757562e-01
1.600252442757901017e+00
-1.681252064979495975e+00
7.071067811865469066e-01
2.802086774965826255e-01
8.406260324897479874e-01
-1.414213562373095590e+00
7.005216937414566747e-01
-4.693960523039829580e-01
-2.313617989529496155e-01
-4.145232231240346676e-01
1.417091018586815965e+00
1.401043387482913127e-01
-5.604173549931652509e-01
-9.807303712380393002e-01
-9.640074956372899351e-01
-2.521878097469243851e+00
5.355697199860104396e-01
5.355697199860104396e-01
3.181224735603055964e-01
-4.145232231240346676e-01
-1.513491768150545091e+00
-1.330330343979460039e+00
1.127160245588508358e+00
9.928184721317384609e-01
0.000000000000000000e+00
-7.691784050359384839e-01
1.301686531599280106e-01
1.329298064087750086e+00
-1.218851934133871717e+00
0.000000000000000000e+00
-7.071067811865473507e-01
0.000000000000000000e+00
0.000000000000000000e+00
-1.368743110499849536e+00
2.800598295259057458e-01
0.000000000000000000e+00
5.604173549931652509e-01
7.559289460184543952e-01
0.000000000000000000e+00
1.541147726231204551e+00
-1.401043387482913127e-01
1.401043387482913127e-01
7.005216937414566747e-01
1.401043387482913127e-01
-3.779644730092274196e-01
4.299510058918835087e-01
-7.691784050359384839e-01
-1.694016997003659153e+00
5.242605793434926970e-02
-1.068960757767893899e+00
0.000000000000000000e+00
5.798421822578612161e-01
2.828209827747527605e+00
1.329298064087750086e+00
4.299510058918835087e-01
4.299510058918835087e-01
-9.190695814019161913e-01
4.299510058918835087e-01
-1.368743110499849536e+00
-1.089607361350848791e+00
-1.068960757767893899e+00
-1.696136995720274876e-01
-9.190695814019161913e-01
