3.137755102040817867e-01
4.691358024691356654e-01
4.234404536862004242e-01
0.000000000000000000e+00
2.024489795918367196e-01
0.000000000000000000e+00
6.122448979591836871e-01
1.266666666666667052e-01
4.444444444444444198e-01
1.244444444444443576e-01
5.714285714285713969e-01
7.346938775510204467e-01
4.609375000000000000e-01
0.000000000000000000e+00
0.000000000000000000e+00
2.176000000000000156e-01
2.448979591836735192e-01
0.000000000000000000e+00
2.112000000000000544e-01
4.977777777777777635e-01
6.497959183673469585e-01
0.000000000000000000e+00
3.199999999999998401e-01
0.000000000000000000e+00
3.456790123456789932e-01
0.000000000000000000e+00
0.000000000000000000e+00
4.081632653061224580e-01
6.250000000000000000e-01
7.986111111111093841e-02
0.000000000000000000e+00
2.311111111111110450e-01
5.549999999999999378e-01
0.000000000000000000e+00
8.677685950413205340e-02
2.041420118343195700e-01
1.625708884688091826e-01
5.000000000000000000e-01
1.939058171745152714e-01
0.000000000000000000e+00
0.000000000000000000e+00
0.000000000000000000e+00
1.266666666666667052e-01
0.000000000000000000e+00
3.966942148760330689e-01
2.777777777777776791e-01
0.000000000000000000e+00
2.311111111111110450e-01
9.070294784580501535e-02
0.000000000000000000e+00
4.821428571428570953e-01
3.786982248520709415e-01
3.878116343490305429e-01
1.471999999999999975e-01
4.433593750000000000e-01
3.786982248520709415e-01
0.000000000000000000e+00
0.000000000000000000e+00
0.000000000000000000e+00
0.000000000000000000e+00
2.399999999999999911e-01
3.750000000000000000e-01
2.145328719723182953e-01
9.500000000000008438e-02
3.199999999999998401e-01
1.975308641975308532e-01
0.000000000000000000e+00
2.721893491124259823e-01
0.000000000000000000e+00
0.000000000000000000e+00
5.937500000000000000e-01
0.000000000000000000e+00
4.161712247324612646e-01
6.135552913198571989e-01
2.311111111111110450e-01
0.000000000000000000e+00
2.975206611570246906e-01
3.804994054696790862e-01
0.000000000000000000e+00
4.687500000000000000e-01
7.396449704142016301e-02
0.000000000000000000e+00
0.000000000000000000e+00
3.402646502835537934e-01
4.591836734693877098e-01
6.600000000000000311e-01
8.677685950413205340e-02
3.367346938775510612e-01
2.187500000000000000e-01
6.122448979591836871e-01
5.400000000000000355e-01
6.399999999999999023e-01
4.200000000000000400e-01
8.317580340264640881e-02
0.000000000000000000e+00
2.603550295857988139e-01
3.750000000000000000e-01
5.577777777777777057e-01
5.381944444444444198e-01
5.577523413111342698e-01
6.044444444444444509e-01
4.995408631772267904e-01
2.448979591836735192e-01
0.000000000000000000e+00
3.750000000000000000e-01
1.975308641975308532e-01
4.387755102040816757e-01
5.761718750000000000e-01
4.429065743944635702e-01
4.615384615384615641e-01
3.750000000000000000e-01
0.000000000000000000e+00
0.000000000000000000e+00
1.420118343195264643e-01
0.000000000000000000e+00
4.444444444444444198e-01
5.000000000000000000e-01
5.000000000000000000e-01
0.000000000000000000e+00
0.000000000000000000e+00
0.000000000000000000e+00
0.000000000000000000e+00
0.000000000000000000e+00
0.000000000000000000e+00
0.000000000000000000e+00
3.598615916955018035e-01
0.000000000000000000e+00
0.000000000000000000e+00
2.187500000000000000e-01
0.000000000000000000e+00
0.000000000000000000e+00
1.652892561983472230e-01
0.000000000000000000e+00
0.000000000000000000e+00
6.666666666666667407e-01
0.000000000000000000e+00
0.000000000000000000e+00
3.199999999999998401e-01
1.420118343195264643e-01
0.000000000000000000e+00
4.444444444444444198e-01
0.000000000000000000e+00
1.799999999999999378e-01
4.444444444444444198e-01
2.448979591836735192e-01
0.000000000000000000e+00
2.996432818073722082e-01
4.959999999999998854e-01
3.628117913832200614e-01
2.448979591836735192e-01
1.138659320477501957e-01
6.035502958579881394e-01
4.938271604938271331e-01
9.972299168975085060e-02
3.750000000000000000e-01
5.173611111111111605e-01
6.250000000000000000e-01
7.265625000000000000e-01
0.000000000000000000e+00
1.587901701323253256e-01
0.000000000000000000e+00
4.799999999999999822e-01
0.000000000000000000e+00
5.909090909090908283e-01
6.145404663923181854e-01
5.866666666666666696e-01
4.938271604938271331e-01
4.177777777777778034e-01
2.881944444444443088e-01
3.456790123456789932e-01
8.677685950413205340e-02
0.000000000000000000e+00
4.733727810650888435e-01
6.444444444444452635e-02
1.244444444444443576e-01
4.444444444444444198e-01
4.988662131519274734e-01
2.100591715976332097e-01
5.000000000000000000e-01
4.882812500000000000e-01
2.606310013717421104e-01
4.444444444444444198e-01
1.420118343195264643e-01
0.000000000000000000e+00
1.284185493460165972e-01
6.887755102040804545e-02
3.399999999999998579e-01
0.000000000000000000e+00
2.187500000000000000e-01
3.703703703703702388e-01
0.000000000000000000e+00
1.799999999999999378e-01
1.244444444444443576e-01
2.603550295857988139e-01
4.351999999999999202e-01
1.883656509695290637e-01
3.973703433162892873e-01
5.370370370370369795e-01
1.789802289281998693e-01
4.591836734693877098e-01
0.000000000000000000e+00
6.111111111111111605e-01
0.000000000000000000e+00
5.000000000000000000e-01
0.000000000000000000e+00
6.905036524413686871e-01
4.716553287981859466e-01
0.000000000000000000e+00
0.000000000000000000e+00
1.049382716049382935e-01
0.000000000000000000e+00
0.000000000000000000e+00
3.750000000000000000e-01
0.000000000000000000e+00
0.000000000000000000e+00
2.539682539682539542e-01
1.244444444444443576e-01
0.000000000000000000e+00
4.938271604938271331e-01
4.799999999999999822e-01
4.792387543252594195e-01
5.681632653061224891e-01
2.777777777777776791e-01
0.000000000000000000e+00
1.171875000000000000e-01
0.000000000000000000e+00
6.171875000000000000e-01
9.500000000000008438e-02
2.448979591836735192e-01
4.444444444444444198e-01
0.000000000000000000e+00
0.000000000000000000e+00
0.000000000000000000e+00
4.914933837429111829e-01
4.663923182441701565e-01
4.977777777777777635e-01
7.107438016528926372e-01
1.527777777777779011e-01
7.133058984910856104e-02
5.714285714285713969e-01
2.866666666666666252e-01
5.694444444444444198e-01
3.199999999999998401e-01
0.000000000000000000e+00
1.939058171745152714e-01
8.677685950413205340e-02
1.107266435986158370e-01
4.321329639889196494e-01
5.000000000000000000e-01
6.250000000000000000e-01
6.446280991735537924e-01
5.769230769230769829e-01
2.603550295857988139e-01
2.187500000000000000e-01
6.666666666666667407e-01
5.000000000000000000e-01
4.287200832466180334e-01
4.861111111111110494e-01
0.000000000000000000e+00
4.489795918367346372e-01
0.000000000000000000e+00
0.000000000000000000e+00
0.000000000000000000e+00
0.000000000000000000e+00
0.000000000000000000e+00
5.000000000000000000e-01
0.000000000000000000e+00
0.000000000000000000e+00
0.000000000000000000e+00
0.000000000000000000e+00
2.525510204081632404e-01
4.444444444444444198e-01
0.000000000000000000e+00
2.089795918367346461e-01
0.000000000000000000e+00
0.000000000000000000e+00
7.396449704142016301e-02
2.816000000000001835e-01
4.897959183673470385e-01
0.000000000000000000e+00
0.000000000000000000e+00
5.000000000000000000e-01
1.244444444444443576e-01
3.750000000000000000e-01
6.666666666666667407e-01
0.000000000000000000e+00
0.000000000000000000e+00
0.000000000000000000e+00
0.000000000000000000e+00
2.311111111111110450e-01
0.000000000000000000e+00
3.806228373702422729e-01
0.000000000000000000e+00
3.456790123456789932e-01
0.000000000000000000e+00
0.000000000000000000e+00
0.000000000000000000e+00
