#
#Cluster report for file WashU333_2mm_overlapMasked.nii.gz 
#[Connectivity radius = 1.00 mm  Volume threshold = 200.00 ]
#[Single voxel volume = 8.0 (microliters) ]
#[Voxel datum type    = float ]
#[Voxel dimensions    = 2.000 mm X 2.000 mm X 2.000 mm ]
#[Coordinates Order   = RAI ]
#[Fake voxel dimen    = 1.000 mm X 1.000 mm X 1.000 mm ]
#Mean and SEM based on Absolute Value of voxel intensities: 
#
#Volume  CM RL  CM AP  CM IS  minRL  maxRL  minAP  maxAP  minIS  maxIS    Mean     SEM    Max Int  MI RL  MI AP  MI IS
#------  -----  -----  -----  -----  -----  -----  -----  -----  -----  -------  -------  -------  -----  -----  -----
   1029  -12.1   75.2    6.5  -29.0   -1.0   51.0  101.0   -5.0   21.0      175        0      175   -5.0   89.0   -5.0 
    818    6.7   52.2   32.4    1.0   15.0   29.0   73.0   11.0   49.0        1        0        1    3.0   57.0   11.0 
    804   10.8   78.9    5.2    1.0   27.0   55.0  105.0   -5.0   15.0       15        0       15    1.0   83.0   -5.0 
    770   -5.3   51.1   32.2  -15.0   -1.0   27.0   73.0   11.0   49.0      162        0      162   -1.0   55.0   11.0 
    717   57.1   39.2    1.2   47.0   67.0   21.0   57.0  -11.0   15.0       62        0       62   51.0   27.0  -11.0 
    680  -55.9   27.6   26.0  -67.0  -41.0   11.0   39.0   13.0   41.0      223        0      223  -47.0   33.0   13.0 
    629   49.8   58.5   29.9   41.0   63.0   47.0   75.0   15.0   49.0        6        0        6   49.0   61.0   15.0 
    617  -33.6   86.6    6.2  -49.0  -13.0   71.0  103.0   -7.0   23.0      263        0      263  -37.0   89.0   -7.0 
    570   21.8   87.5   24.4    7.0   39.0   75.0  103.0    9.0   43.0        5        0        5   15.0  103.0    9.0 
    524  -48.0   -9.6   19.5  -61.0  -33.0  -21.0   -1.0    3.0   35.0      275        0      275  -53.0   -7.0    3.0 
    459  -55.7    7.4   27.5  -67.0  -39.0   -7.0   19.0   13.0   43.0      212        0      212  -61.0    7.0   13.0 
    444   53.4   13.3   30.5   33.0   67.0    5.0   23.0   13.0   47.0       53        0       53   61.0    9.0   13.0 
    437  -11.1   32.9   44.8  -17.0   -3.0   13.0   49.0   37.0   57.0      180        0      180  -15.0   35.0   37.0 
    426  -43.3   67.5   33.8  -51.0  -35.0   55.0   81.0   15.0   49.0      259        0      259  -43.0   67.0   15.0 
    424    8.0  -54.6   17.3    5.0   13.0  -69.0  -39.0   -1.0   37.0      150        0      150    9.0  -65.0   -1.0 
    405   33.0   87.9   10.2   15.0   47.0   75.0  105.0    1.0   23.0       97        0       97   25.0   97.0    1.0 
    398  -50.4   54.2   27.5  -57.0  -41.0   45.0   65.0   13.0   49.0      220        0      220  -53.0   57.0   13.0 
    361  -23.6   85.6   24.5  -33.0  -13.0   73.0   99.0   13.0   41.0      166        0      166  -21.0   95.0   13.0 
    354   13.4   34.7   43.4    7.0   19.0   19.0   49.0   35.0   55.0       21        0       21   17.0   33.0   35.0 
    345  -12.3   54.8   12.1  -25.0   -3.0   41.0   65.0   -1.0   25.0      174        0      174  -11.0   47.0   -1.0 
    318    8.2    0.2   42.6    1.0   15.0  -19.0   15.0   35.0   53.0       22        0       22    3.0    3.0   35.0 
    311   -7.1  -53.8   14.0  -13.0   -3.0  -69.0  -39.0    3.0   27.0      322        0      322   -9.0  -47.0    3.0 
    308   20.7  -28.2   46.0   13.0   25.0  -43.0  -13.0   33.0   59.0       44        0       44   23.0  -31.0   33.0 
    307    5.8   89.2   19.2    1.0   13.0   73.0  103.0    7.0   35.0      137        0      137    7.0  103.0    7.0 
    303   47.9   -2.6   30.9   33.0   61.0   -9.0    3.0   21.0   45.0      106        0      106   47.0   -1.0   21.0 
    302   15.7   58.6   -5.9    5.0   29.0   41.0   73.0  -13.0    3.0        8        0        8   19.0   47.0  -13.0 
    300   -5.8   -3.9   38.3  -11.0   -1.0  -19.0   11.0   27.0   47.0      185        0      185   -1.0   -9.0   27.0 
    293  -36.8   26.3   54.2  -47.0  -25.0   19.0   33.0   41.0   69.0      216        0      216  -33.0   21.0   41.0 
    291   51.9   60.0   -4.0   41.0   63.0   49.0   69.0  -11.0    7.0      100        0      100   55.0   63.0  -11.0 
    283  -46.7   68.1    1.6  -63.0  -41.0   53.0   81.0  -11.0   13.0      264        0      264  -43.0   77.0  -11.0 
    276   21.0   67.1   50.8   11.0   31.0   57.0   79.0   39.0   61.0       87        0       87   23.0   75.0   39.0 
    275  -53.6    0.1   -4.0  -65.0  -45.0  -15.0   15.0  -13.0    5.0      330        0      330  -49.0   -1.0  -13.0 
    273   41.1   -5.0    7.8   33.0   51.0  -17.0    7.0   -3.0   17.0       76        0       76   47.0   -7.0   -3.0 
    266   33.3  -21.2    4.2   29.0   41.0  -31.0   -9.0   -5.0   11.0       84        0       84   37.0  -17.0   -5.0 
    265  -10.4  -23.0   58.1  -19.0   -3.0  -37.0   -9.0   51.0   65.0      165        0      165  -13.0  -31.0   51.0 
    259   55.5    2.7   -3.0   47.0   63.0  -11.0   13.0  -11.0    5.0      160        0      160   59.0   -7.0  -11.0 
    256   36.4   28.5   53.9   25.0   47.0   21.0   33.0   41.0   69.0       38        0       38   39.0   23.0   41.0 
    254   36.5   20.5   60.7   27.0   43.0    9.0   29.0   51.0   71.0       45        0       45   39.0   25.0   51.0 
    250   40.5  -48.8   -8.2   33.0   47.0  -59.0  -37.0  -19.0    5.0       78        0       78   43.0  -37.0  -19.0 
    250  -39.4  -15.0   49.0  -45.0  -33.0  -27.0   -3.0   35.0   61.0      327        0      327  -37.0  -15.0   35.0 
    249  -25.8   59.6   -9.0  -35.0  -13.0   39.0   79.0  -15.0   -5.0      298        0      298  -31.0   43.0  -15.0 
    249   58.2   42.2   33.2   49.0   65.0   31.0   49.0   19.0   51.0       63        0       63   63.0   49.0   19.0 
    247   51.9    8.0   35.6   39.0   61.0   -3.0   17.0   23.0   49.0        3        0        3   57.0    5.0   23.0 
    243   -7.8   57.5   58.2  -15.0   -3.0   49.0   71.0   47.0   71.0      189        0      189   -9.0   57.0   47.0 
    241   11.6  -26.0   56.4    3.0   19.0  -41.0   -5.0   47.0   65.0        4        0        4   13.0  -37.0   47.0 
    237   -5.8  -44.4  -11.1  -11.0   -1.0  -57.0  -25.0  -19.0    1.0      279        0      279   -1.0  -31.0  -19.0 
    233  -22.5  -20.5   49.0  -29.0  -19.0  -31.0  -11.0   37.0   63.0      200        0      200  -23.0  -25.0   37.0 
    230  -44.4  -30.2   20.8  -51.0  -37.0  -39.0  -21.0    9.0   29.0      273        0      273  -49.0  -31.0    9.0 
    229   -6.1  -39.3    3.6  -13.0   -1.0  -45.0  -31.0  -11.0   17.0      184        0      184   -3.0  -33.0  -11.0 
    228   46.4   70.6    7.6   41.0   57.0   61.0   81.0   -3.0   17.0       99        0       99   45.0   81.0   -3.0 
    228   40.1  -13.9   48.2   35.0   45.0  -25.0   -1.0   39.0   59.0      157        0      157   41.0   -9.0   39.0 
    227  -25.7  -57.7   -6.7  -37.0  -13.0  -63.0  -51.0  -17.0    7.0      277        0      277  -17.0  -61.0  -17.0 
    226    6.9  -54.2   -9.6    3.0   13.0  -67.0  -37.0  -19.0    1.0      116        0      116    7.0  -37.0  -19.0 
    226  -46.9   57.1  -10.6  -57.0  -39.0   41.0   73.0  -15.0   -1.0      265        0      265  -51.0   57.0  -15.0 
    225   30.3    7.1   49.6   21.0   41.0   -1.0   13.0   43.0   59.0       41        0       41   37.0    7.0   43.0 
    223   40.4   76.4   34.5   31.0   49.0   63.0   87.0   23.0   51.0       94        0       94   41.0   79.0   23.0 
    217  -21.2   68.2   48.3  -29.0  -13.0   61.0   77.0   37.0   61.0      252        0      252  -23.0   71.0   37.0 
    216  -34.9   21.4   58.7  -43.0  -23.0   11.0   27.0   49.0   69.0      201        0      201  -37.0   17.0   49.0 
    215   60.9   26.1   29.6   55.0   67.0   15.0   37.0   21.0   39.0      105        0      105   63.0   27.0   21.0 
    213  -35.0  -23.5    4.9  -43.0  -29.0  -31.0  -11.0   -9.0   11.0      249        0      249  -35.0  -27.0   -9.0 
    212   35.2  -20.5  -12.7   27.0   47.0  -29.0   -9.0  -19.0   -5.0       80        0       80   37.0  -27.0  -19.0 
    212  -53.9   16.1    5.5  -67.0  -39.0    5.0   25.0   -1.0   11.0      227        0      227  -63.0    9.0   -1.0 
    208  -40.8  -48.6   -8.4  -47.0  -35.0  -59.0  -39.0  -17.0    3.0      240        0      240  -39.0  -43.0  -17.0 
    207    7.2  -35.8   -9.1    3.0   13.0  -47.0  -19.0  -19.0    1.0      117        0      117    7.0  -29.0  -19.0 
    207   39.9   36.1   43.3   33.0   51.0   27.0   47.0   35.0   55.0       56        0       56   43.0   33.0   35.0 
    205  -39.8   13.3   -4.4  -47.0  -35.0    5.0   23.0  -13.0    5.0      234        0      234  -39.0   11.0  -13.0 
    201  -39.9   32.2   42.0  -51.0  -29.0   21.0   41.0   37.0   49.0      213        0      213  -37.0   35.0   37.0 
    199  -57.1   12.2  -15.0  -67.0  -45.0    1.0   19.0  -19.0   -9.0      290        0      290  -57.0    7.0  -19.0 
    196  -15.1  -60.2   19.0  -23.0   -9.0  -67.0  -51.0    5.0   31.0      321        0      321  -15.0  -63.0    5.0 
    195  -49.2   -3.6    3.1  -59.0  -43.0  -19.0    7.0   -3.0   11.0      274        0      274  -51.0   -5.0   -3.0 
    195  -19.1   48.9   65.5  -27.0  -11.0   37.0   61.0   59.0   71.0      163        0      163  -21.0   45.0   59.0 
    194  -14.1   70.6   37.0  -21.0   -7.0   63.0   79.0   25.0   49.0      254        0      254  -19.0   65.0   25.0 
    193  -31.0  -41.1   25.3  -39.0  -25.0  -51.0  -33.0   17.0   33.0      318        0      318  -25.0  -45.0   17.0 
    192   55.3   21.9    5.5   43.0   69.0   13.0   31.0   -1.0   11.0       66        0       66   65.0   15.0   -1.0 
    191   44.0  -22.3   23.9   37.0   53.0  -31.0  -15.0   17.0   31.0      109        0      109   49.0  -25.0   17.0 
    191    6.6  -14.7   32.4    1.0   13.0  -27.0    1.0   25.0   39.0       27        0       27    3.0  -13.0   25.0 
    191    5.3   30.0   58.6    3.0    9.0   21.0   39.0   47.0   67.0       36        0       36    7.0   31.0   47.0 
    188   19.3  -53.4   25.8    9.0   25.0  -61.0  -41.0   17.0   33.0      146        0      146   23.0  -55.0   17.0 
    187   33.9   50.3   47.6   29.0   39.0   43.0   57.0   35.0   59.0       51        0       51   37.0   51.0   35.0 
    185  -40.7  -39.5   14.0  -53.0  -35.0  -53.0  -33.0    5.0   27.0      236        0      236  -47.0  -35.0    5.0 
    184   41.4   15.1   -4.4   37.0   47.0    5.0   25.0  -13.0    5.0       71        0       71   41.0   13.0  -13.0 
    183  -18.4   32.6   65.2  -29.0   -7.0   29.0   39.0   53.0   73.0      190        0      190  -21.0   31.0   53.0 
    181   -3.7   28.8   61.7   -7.0   -1.0   17.0   39.0   49.0   69.0      191        0      191   -3.0   29.0   49.0 
    180  -44.5  -27.7   -8.2  -55.0  -35.0  -33.0  -21.0  -21.0    3.0      242        0      242  -37.0  -25.0  -21.0 
    180   13.4   61.0   15.8    3.0   23.0   55.0   67.0    7.0   25.0       13        0       13    9.0   59.0    7.0 
    179   20.5   49.2   65.2   15.0   27.0   35.0   61.0   59.0   71.0        2        0        2   19.0   61.0   59.0 
    178  -13.0   57.8   -5.6  -23.0   -5.0   45.0   67.0  -13.0    3.0      177        0      177  -19.0   51.0  -13.0 
    178  -21.6  -59.2    2.9  -27.0  -13.0  -67.0  -49.0   -9.0   15.0      319        0      319  -13.0  -63.0   -9.0 
    177   27.1   69.0   33.2   21.0   33.0   63.0   77.0   23.0   45.0       88        0       88   29.0   71.0   23.0 
    175  -31.2   67.6   33.7  -35.0  -23.0   61.0   79.0   23.0   47.0      253        0      253  -31.0   69.0   23.0 
    174  -15.9   48.4   -2.5  -25.0   -7.0   37.0   59.0   -9.0    5.0      176        0      176  -13.0   43.0   -9.0 
    172   58.1   13.5   -9.9   49.0   67.0    1.0   25.0  -13.0   -3.0      127        0      127   67.0   25.0  -13.0 
    171  -29.6    7.3   50.2  -39.0  -21.0   -1.0   13.0   43.0   61.0      203        0      203  -33.0    5.0   43.0 
    168   -5.1  -43.6   36.0   -9.0   -3.0  -55.0  -35.0   23.0   47.0      325        0      325   -5.0  -41.0   23.0 
    166    5.5  -30.8   44.6    3.0    9.0  -45.0  -17.0   35.0   51.0       24        0       24    7.0  -31.0   35.0 
    164   26.4   14.5   61.3   15.0   35.0   11.0   19.0   51.0   71.0       47        0       47   29.0   15.0   51.0 
    163  -49.2    7.4   35.0  -59.0  -37.0   -1.0   15.0   27.0   45.0      164        0      164  -43.0    9.0   27.0 
    162   52.4  -20.6   10.1   43.0   57.0  -29.0  -15.0    3.0   21.0       75        0       75   51.0  -17.0    3.0 
    161   10.2   55.6   59.5    5.0   17.0   47.0   65.0   51.0   69.0       91        0       91    7.0   59.0   51.0 
    160  -12.0  -44.6   42.5  -19.0   -5.0  -55.0  -37.0   29.0   53.0      324        0      324  -13.0  -51.0   29.0 
    159   12.1   52.3    4.5    5.0   21.0   43.0   61.0   -1.0   13.0       14        0       14   17.0   51.0   -1.0 
    158  -61.3   27.6   -7.3  -67.0  -51.0   19.0   37.0  -11.0   -3.0      225        0      225  -67.0   33.0  -11.0 
    158  -58.1   41.4   31.3  -63.0  -53.0   35.0   47.0   19.0   45.0      219        0      219  -57.0   45.0   19.0 
    157   -5.0  -25.5   46.8   -7.0   -3.0  -37.0  -15.0   37.0   57.0      182        0      182   -5.0  -25.0   37.0 
    156  -34.6  -35.9  -12.8  -43.0  -27.0  -43.0  -29.0  -19.0   -9.0      281        0      281  -33.0  -31.0  -19.0 
    155   50.5   -9.7   13.0   45.0   57.0  -15.0   -3.0    1.0   25.0      112        0      112   53.0   -9.0    1.0 
    155  -59.5   25.6    9.2  -69.0  -45.0   19.0   33.0    3.0   13.0      233        0      233  -67.0   21.0    3.0 
    154   -6.0  -62.9   -6.6  -11.0   -3.0  -69.0  -55.0  -15.0    1.0      278        0      278   -3.0  -57.0  -15.0 
    153   45.1  -34.9    7.5   37.0   55.0  -43.0  -27.0    1.0   15.0       74        0       74   49.0  -33.0    1.0 
    152  -38.8   -2.2  -13.6  -47.0  -33.0  -13.0    9.0  -19.0   -5.0      235        0      235  -35.0   -3.0  -19.0 
    151   56.5   32.1   21.3   45.0   65.0   23.0   39.0   15.0   29.0      103        0      103   57.0   29.0   15.0 
    150  -29.6  -17.9  -16.6  -37.0  -23.0  -27.0  -11.0  -23.0   -9.0      243        0      243  -23.0  -15.0  -23.0 
    150  -38.0   -5.6    9.9  -45.0  -31.0  -19.0    5.0    1.0   17.0      238        0      238  -43.0  -17.0    1.0 
    150   12.2   74.8   41.2    3.0   19.0   67.0   81.0   33.0   51.0       93        0       93   17.0   71.0   33.0 
    149   53.6   23.4   18.0   45.0   67.0   15.0   37.0   13.0   23.0      104        0      104   49.0   21.0   13.0 
    148  -51.3   29.2   -0.7  -67.0  -43.0   21.0   35.0   -9.0    7.0      231        0      231  -49.0   29.0   -9.0 
    146  -28.5   35.8   62.9  -37.0  -21.0   33.0   39.0   53.0   71.0      214        0      214  -25.0   37.0   53.0 
    141   19.1   33.6   63.8    9.0   29.0   31.0   39.0   55.0   71.0       31        0       31   23.0   33.0   55.0 
    140  -20.2  -32.7   42.5  -27.0  -13.0  -41.0  -27.0   33.0   53.0      315        0      315  -23.0  -31.0   33.0 
    139  -59.4   43.9  -10.2  -65.0  -55.0   35.0   55.0  -15.0   -3.0      170        0      170  -57.0   55.0  -15.0 
    135   -7.3   73.1   -1.9  -13.0   -1.0   63.0   83.0   -9.0    5.0      308        0      308  -13.0   67.0   -9.0 
    135   34.7   60.3   42.4   27.0   43.0   53.0   71.0   37.0   47.0       96        0       96   35.0   57.0   37.0 
    134   60.7   30.6    9.6   51.0   69.0   23.0   37.0    5.0   13.0       68        0       68   69.0   27.0    5.0 
    134  -35.1   79.5   22.5  -39.0  -31.0   71.0   85.0   13.0   31.0      258        0      258  -31.0   83.0   13.0 
    134  -46.9   -2.4   37.0  -55.0  -39.0   -7.0    1.0   29.0   47.0      271        0      271  -43.0   -1.0   29.0 
    132   15.2  -46.9   38.6    9.0   25.0  -53.0  -39.0   33.0   49.0      145        0      145   23.0  -39.0   33.0 
    131    9.6   42.2   61.9    3.0   17.0   37.0   47.0   51.0   71.0       35        0       35    7.0   39.0   51.0 
    130   25.8  -32.4  -15.7   21.0   33.0  -43.0  -23.0  -19.0   -9.0      120        0      120   31.0  -27.0  -19.0 
    129  -22.9  -29.7  -17.4  -29.0  -17.0  -41.0  -19.0  -21.0  -11.0      283        0      283  -17.0  -19.0  -21.0 
    128  -47.9   36.8    2.1  -57.0  -43.0   31.0   43.0   -5.0    7.0      229        0      229  -47.0   35.0   -5.0 
    128   15.6   77.6   27.0   11.0   19.0   69.0   83.0   17.0   41.0       90        0       90   17.0   75.0   17.0 
    128   29.5   37.6   62.9   23.0   37.0   35.0   41.0   53.0   71.0       57        0       57   33.0   39.0   53.0 
    127   36.3   88.4   -0.2   27.0   45.0   83.0   97.0   -5.0    7.0       98        0       98   35.0   93.0   -5.0 
    126    5.6  -42.2   35.2    3.0    9.0  -53.0  -33.0   27.0   41.0       25        0       25    5.0  -37.0   27.0 
    125  -27.7   14.0   61.9  -35.0  -21.0   11.0   17.0   51.0   71.0      205        0      205  -27.0   15.0   51.0 
    123   39.2   14.8   15.1   35.0   47.0    9.0   23.0    9.0   21.0       77        0       77   39.0   15.0    9.0 
    123  -26.6   57.0   54.3  -33.0  -19.0   51.0   63.0   45.0   61.0      251        0      251  -29.0   59.0   45.0 
    122  -37.5   29.5   16.2  -43.0  -31.0   23.0   35.0    9.0   21.0      224        0      224  -41.0   31.0    9.0 
    122  -11.7   93.3   16.3  -19.0   -5.0   87.0  103.0   11.0   27.0      307        0      307  -13.0  103.0   11.0 
    122   44.0   46.0   42.8   37.0   51.0   39.0   53.0   35.0   49.0       52        0       52   37.0   49.0   35.0 
    121   36.1   27.3   13.8   31.0   41.0   21.0   33.0    5.0   21.0       10        0       10   37.0   27.0    5.0 
    120    7.0  -12.5   60.7    3.0   13.0  -19.0   -3.0   53.0   67.0       23        0       23    5.0  -11.0   53.0 
    119   39.9    0.0   -8.3   37.0   43.0  -11.0    9.0  -15.0    1.0       72        0       72   37.0   -3.0  -15.0 
    119   29.9  -38.9   27.1   23.0   37.0  -47.0  -33.0   21.0   35.0      153        0      153   29.0  -39.0   21.0 
    118  -41.5   12.1   45.9  -49.0  -33.0    3.0   17.0   37.0   57.0      197        0      197  -35.0   17.0   37.0 
    117   -5.2   79.4   23.5   -9.0   -1.0   71.0   87.0   15.0   33.0      310        0      310   -7.0   87.0   15.0 
    116  -39.1  -27.4   35.7  -49.0  -31.0  -33.0  -19.0   31.0   43.0      272        0      272  -43.0  -19.0   31.0 
    115  -38.5  -46.6    7.3  -43.0  -35.0  -55.0  -37.0   -1.0   15.0      168        0      168  -41.0  -43.0   -1.0 
    115   39.2  -38.4   16.3   35.0   45.0  -47.0  -29.0    9.0   23.0      110        0      110   37.0  -39.0    9.0 
    114    6.8  -41.8    6.9    3.0   13.0  -49.0  -35.0   -1.0   15.0      152        0      152   11.0  -45.0   -1.0 
    114   52.4   32.3   40.6   47.0   59.0   25.0   39.0   35.0   51.0       55        0       55   49.0   33.0   35.0 
    113  -39.0   -9.7   -3.6  -41.0  -35.0  -19.0    3.0   -9.0    1.0      245        0      245  -41.0   -9.0   -9.0 
    113   -4.8  -20.1   29.1  -11.0   -1.0  -27.0  -13.0   23.0   35.0      188        0      188   -1.0  -19.0   23.0 
    112   22.1  -60.7    3.3   13.0   25.0  -67.0  -55.0   -9.0   15.0      148        0      148   15.0  -61.0   -9.0 
    111   16.1  -63.7   12.2   11.0   23.0  -69.0  -59.0    1.0   19.0      151        0      151   15.0  -65.0    1.0 
    110  -48.5   43.6   43.0  -55.0  -43.0   35.0   51.0   37.0   49.0      167        0      167  -51.0   47.0   37.0 
    110    6.5   17.7   49.5    3.0   13.0   11.0   25.0   43.0   57.0       37        0       37    9.0   21.0   43.0 
    109   27.3   60.5   -8.6   19.0   33.0   49.0   71.0  -13.0   -5.0      131        0      131   27.0   51.0  -13.0 
    108  -34.4   21.2   12.2  -39.0  -31.0   15.0   27.0    5.0   21.0      171        0      171  -33.0   25.0    5.0 
    108  -12.5   70.0   20.6  -21.0   -3.0   63.0   77.0   15.0   27.0      311        0      311   -5.0   67.0   15.0 
    107    6.6    9.6   60.1    3.0   13.0    3.0   17.0   53.0   65.0       34        0       34    5.0    9.0   53.0 
    106  -49.2   56.1    8.4  -61.0  -39.0   51.0   63.0    5.0   13.0      267        0      267  -51.0   59.0    5.0 
    106  -54.9   13.0   14.3  -65.0  -47.0    7.0   19.0    9.0   19.0      269        0      269  -55.0   11.0    9.0 
    105  -16.8   78.9   33.5  -21.0  -11.0   73.0   83.0   25.0   43.0      255        0      255  -15.0   79.0   25.0 
    105  -22.0   -5.7   57.5  -25.0  -19.0  -11.0    1.0   49.0   67.0      208        0      208  -21.0   -3.0   49.0 
    104  -59.9   39.3   -0.4  -67.0  -53.0   33.0   47.0   -5.0    5.0      222        0      222  -65.0   39.0   -5.0 
    103   38.2  -32.5   31.3   31.0   43.0  -39.0  -27.0   25.0   39.0      155        0      155   43.0  -33.0   25.0 
    102   47.5  -38.1  -10.9   43.0   53.0  -43.0  -29.0  -19.0   -1.0       79        0       79   45.0  -35.0  -19.0 
    102   30.0  -14.6   51.3   27.0   33.0  -23.0   -7.0   45.0   59.0      156        0      156   29.0  -13.0   45.0 
    102   -8.9   42.4   65.3  -15.0   -1.0   39.0   47.0   57.0   71.0      193        0      193   -7.0   41.0   57.0 
    101  -23.7  -50.3  -14.6  -31.0  -17.0  -57.0  -41.0  -17.0  -13.0      284        0      284  -19.0  -41.0  -17.0 
     99  -55.1    7.9   -9.5  -63.0  -47.0    3.0   13.0  -17.0   -3.0      332        0      332  -49.0    7.0  -17.0 
     99   51.4    1.5    3.8   45.0   57.0   -9.0   11.0   -3.0   11.0      111        0      111   53.0   -5.0   -3.0 
     98   29.2   45.5   59.2   21.0   37.0   41.0   51.0   53.0   67.0       50        0       50   33.0   45.0   53.0 
     97   32.0   41.8  -11.5   27.0   37.0   33.0   47.0  -15.0   -5.0      130        0      130   29.0   45.0  -15.0 
     96   15.5   47.6   -3.8   11.0   23.0   39.0   57.0   -7.0    1.0       20        0       20   17.0   49.0   -7.0 
     96  -36.0   -5.0    4.8  -41.0  -31.0  -15.0    3.0    1.0    9.0      246        0      246  -39.0    1.0    1.0 
     96  -39.2   -8.6   42.6  -43.0  -35.0  -15.0   -3.0   35.0   51.0      328        0      328  -37.0   -9.0   35.0 
     95   22.2   -0.3   63.1   17.0   25.0   -7.0    7.0   55.0   69.0       49        0       49   23.0    3.0   55.0 
     94   -5.2   25.7   27.7   -9.0   -1.0   11.0   47.0   19.0   33.0      173        0      173   -7.0   47.0   19.0 
     94  -19.5   25.8   64.4  -27.0  -13.0   21.0   31.0   57.0   71.0      202        0      202  -17.0   29.0   57.0 
     93  -34.0   48.9   49.1  -39.0  -29.0   45.0   53.0   39.0   59.0      262        0      262  -33.0   51.0   39.0 
     92  -60.1    3.6   10.7  -67.0  -55.0   -3.0   11.0    7.0   15.0      268        0      268  -59.0    7.0    7.0 
     92   59.9   39.8   15.1   51.0   67.0   35.0   45.0   11.0   19.0       67        0       67   67.0   41.0   11.0 
     92  -40.7    3.0   49.3  -47.0  -35.0   -3.0    7.0   45.0   59.0      198        0      198  -37.0    7.0   45.0 
     90  -52.3  -23.1   10.2  -57.0  -45.0  -29.0  -17.0    5.0   17.0      237        0      237  -51.0  -19.0    5.0 
     89  -57.0   46.4    7.4  -65.0  -49.0   41.0   53.0    3.0   13.0      221        0      221  -55.0   45.0    3.0 
     88   29.5   36.0   -9.5   19.0   37.0   29.0   41.0  -13.0   -5.0       18        0       18   31.0   35.0  -13.0 
     88  -56.9   17.3   -3.7  -67.0  -49.0   11.0   23.0   -9.0    1.0      226        0      226  -51.0   19.0   -9.0 
     88  -23.9  -50.7   24.3  -27.0  -21.0  -59.0  -45.0   17.0   33.0      317        0      317  -23.0  -47.0   17.0 
     88  -39.0   43.7   41.6  -43.0  -33.0   37.0   51.0   37.0   49.0      211        0      211  -37.0   43.0   37.0 
     88   -6.7   10.8   49.9  -11.0   -3.0    1.0   19.0   45.0   55.0      195        0      195   -7.0   19.0   45.0 
     87   61.6   30.0   -9.0   53.0   67.0   25.0   37.0  -13.0   -5.0      126        0      126   65.0   35.0  -13.0 
     87  -53.4   23.1   40.2  -57.0  -49.0   15.0   31.0   35.0   45.0      270        0      270  -53.0   23.0   35.0 
     86   25.2  -59.6   -8.7   17.0   33.0  -63.0  -55.0  -13.0   -5.0      115        0      115   31.0  -61.0  -13.0 
     86   37.4   -1.6    5.8   33.0   43.0  -11.0    7.0    1.0    9.0       81        0       81   41.0    3.0    1.0 
     86    2.5   19.0   36.6    1.0    5.0   11.0   27.0   31.0   43.0       26        0       26    3.0   21.0   31.0 
     86  -21.1    6.0   63.1  -25.0  -13.0    1.0   13.0   57.0   69.0      207        0      207  -21.0    7.0   57.0 
     85    5.6   24.6   28.3    1.0   11.0    9.0   45.0   23.0   33.0       12        0       12    9.0   45.0   23.0 
     84   35.8  -34.7  -12.1   29.0   41.0  -41.0  -27.0  -17.0   -9.0      119        0      119   41.0  -31.0  -17.0 
     84  -57.5   39.5   13.3  -67.0  -47.0   35.0   43.0    7.0   19.0      230        0      230  -61.0   37.0    7.0 
     84    8.2  -32.3   22.3    3.0   13.0  -37.0  -27.0   17.0   29.0       29        0       29   11.0  -35.0   17.0 
     84   -5.5  -53.4   29.2   -9.0   -3.0  -61.0  -47.0   23.0   35.0      323        0      323   -5.0  -47.0   23.0 
     84   46.1   33.2   52.6   39.0   53.0   25.0   39.0   45.0   59.0       58        0       58   49.0   31.0   45.0 
     83   45.4  -31.7   -8.4   37.0   51.0  -35.0  -27.0  -17.0   -1.0       85        0       85   49.0  -33.0  -17.0 
     83  -31.6  -21.6   -7.0  -37.0  -27.0  -27.0  -15.0  -11.0   -1.0      247        0      247  -29.0  -21.0  -11.0 
     83   47.4  -28.6   -0.4   39.0   55.0  -33.0  -25.0   -5.0    5.0       86        0       86   51.0  -29.0   -5.0 
     83  -20.1  -42.4   35.3  -23.0  -17.0  -51.0  -35.0   31.0   43.0      316        0      316  -21.0  -39.0   31.0 
     83  -29.6   -0.7   51.0  -37.0  -23.0   -7.0    5.0   47.0   57.0      199        0      199  -27.0    3.0   47.0 
     82  -39.2   13.3   17.1  -45.0  -33.0    7.0   21.0   13.0   21.0      239        0      239  -35.0   15.0   13.0 
     82   42.5   13.3   48.2   35.0   49.0    5.0   17.0   41.0   57.0       39        0       39   39.0   17.0   41.0 
     82  -45.9   29.0   51.3  -51.0  -41.0   23.0   35.0   45.0   61.0      217        0      217  -45.0   29.0   45.0 
     80   24.6  -51.5  -14.4   17.0   31.0  -59.0  -43.0  -17.0  -11.0      121        0      121   23.0  -49.0  -17.0 
     80   -5.9    7.2   61.1   -9.0   -3.0   -3.0   15.0   57.0   65.0      196        0      196   -5.0   15.0   57.0 
     79   13.3   68.2   29.8    5.0   21.0   63.0   75.0   25.0   35.0       89        0       89   21.0   69.0   25.0 
     79   21.4   -6.8   55.7   19.0   23.0  -11.0    1.0   49.0   65.0       43        0       43   21.0   -3.0   49.0 
     77   38.5   -8.6   -1.8   33.0   41.0  -15.0   -1.0   -7.0    3.0       82        0       82   41.0   -7.0   -7.0 
     77   29.8  -51.2    9.7   25.0   35.0  -55.0  -49.0    3.0   17.0      149        0      149   33.0  -53.0    3.0 
     76   21.8   26.0   63.2   17.0   27.0   21.0   29.0   55.0   71.0       46        0       46   23.0   29.0   55.0 
     74   -6.7  -33.1   20.8  -13.0   -1.0  -37.0  -29.0   17.0   25.0      183        0      183   -3.0  -29.0   17.0 
     73   30.8   76.4   36.0   29.0   33.0   69.0   85.0   29.0   43.0       95        0       95   31.0   81.0   29.0 
     73   41.6   -3.4   46.9   37.0   47.0   -9.0    1.0   41.0   53.0      158        0      158   41.0   -3.0   41.0 
     72   59.5   19.7   -3.8   53.0   67.0   15.0   23.0   -9.0    1.0      161        0      161   53.0   21.0   -9.0 
     72  -61.8   24.4    0.2  -67.0  -53.0   19.0   31.0   -3.0    3.0      232        0      232  -55.0   25.0   -3.0 
     71  -20.9   47.3  -10.3  -27.0  -15.0   39.0   57.0  -13.0   -7.0      169        0      169  -19.0   49.0  -13.0 
     71   -7.8   86.4   31.3  -13.0   -5.0   81.0   91.0   21.0   39.0      256        0      256   -9.0   87.0   21.0 
     70   13.3  -19.9  -17.5    9.0   17.0  -35.0   -9.0  -19.0  -15.0      123        0      123   15.0  -11.0  -19.0 
     70   38.1  -48.5   11.7   35.0   41.0  -53.0  -43.0    5.0   19.0        7        0        7   41.0  -49.0    5.0 
     70   27.1  -25.6   38.1   21.0   33.0  -33.0  -19.0   33.0   43.0      154        0      154   25.0  -27.0   33.0 
     70  -38.9   35.1   56.6  -45.0  -33.0   33.0   37.0   49.0   65.0      215        0      215  -35.0   37.0   49.0 
     69   29.6   -1.1   52.3   23.0   37.0   -7.0    3.0   47.0   57.0       42        0       42   27.0    3.0   47.0 
     68  -30.7  -52.1   10.1  -35.0  -25.0  -57.0  -49.0    3.0   17.0      320        0      320  -25.0  -51.0    3.0 
     68   61.3    8.1    9.1   55.0   67.0    1.0   15.0    5.0   15.0      101        0      101   57.0    5.0    5.0 
     67  -46.8  -37.9  -11.6  -51.0  -43.0  -41.0  -35.0  -19.0   -5.0      241        0      241  -45.0  -37.0  -19.0 
     67  -53.9   -0.1  -13.4  -61.0  -47.0   -5.0    5.0  -17.0   -7.0      331        0      331  -49.0    5.0  -17.0 
     66  -47.1  -37.8    0.9  -53.0  -41.0  -41.0  -33.0   -5.0    7.0      250        0      250  -47.0  -39.0   -5.0 
     66   21.9   60.3    1.2   15.0   27.0   53.0   65.0   -1.0    3.0       16        0       16   23.0   61.0   -1.0 
     65  -49.9  -13.7  -17.9  -55.0  -41.0  -21.0   -5.0  -21.0  -13.0      292        0      292  -41.0  -13.0  -21.0 
     64  -56.8   54.0   -2.1  -63.0  -49.0   49.0   59.0   -7.0    3.0      266        0      266  -57.0   57.0   -7.0 
     64   -5.8   -4.1   55.5   -9.0   -3.0   -9.0    1.0   49.0   61.0      181        0      181   -5.0   -5.0   49.0 
     63   42.5   37.6   12.6   37.0   47.0   33.0   41.0    7.0   19.0       69        0       69   45.0   35.0    7.0 
     62  -23.7   36.1   -6.3  -33.0  -15.0   31.0   41.0  -13.0    1.0      178        0      178  -27.0   33.0  -13.0 
     62  -32.9  -21.0    1.5  -39.0  -29.0  -27.0  -15.0   -5.0    5.0      248        0      248  -37.0  -21.0   -5.0 
     62   27.8  -53.4   -1.2   21.0   33.0  -57.0  -49.0   -5.0    3.0      114        0      114   27.0  -53.0   -5.0 
     62   44.1  -19.5   33.3   39.0   47.0  -27.0  -13.0   29.0   39.0      108        0      108   41.0  -15.0   29.0 
     62  -29.5  -16.9   49.1  -33.0  -27.0  -25.0   -9.0   45.0   55.0      326        0      326  -29.0  -15.0   45.0 
     61  -28.3   43.3   58.3  -35.0  -21.0   41.0   45.0   53.0   63.0      209        0      209  -27.0   43.0   53.0 
     60  -18.0   31.7  -11.4  -23.0  -13.0   27.0   35.0  -15.0   -7.0      179        0      179  -15.0   35.0  -15.0 
     60   35.6   22.2    9.7   31.0   41.0   17.0   27.0    5.0   17.0       70        0       70   35.0   27.0    5.0 
     59  -24.0   -6.9  -17.3  -31.0  -17.0  -11.0   -3.0  -21.0  -13.0      282        0      282  -21.0   -9.0  -21.0 
     59  -11.8  -17.9  -17.3  -15.0   -7.0  -25.0  -11.0  -21.0  -15.0      286        0      286  -11.0  -17.0  -21.0 
     59   23.2   39.9  -13.0   15.0   29.0   35.0   45.0  -15.0   -9.0      143        0      143   25.0   41.0  -15.0 
     59   43.1   70.3   -4.9   39.0   47.0   63.0   79.0   -9.0    1.0      139        0      139   43.0   67.0   -9.0 
     59   52.9   15.1   13.6   47.0   61.0   11.0   21.0   11.0   17.0      102        0      102   59.0   15.0   11.0 
     59   -1.9   19.8   36.5   -3.0   -1.0   13.0   25.0   31.0   41.0      186        0      186   -1.0   21.0   31.0 
     59  -43.8   17.2   44.7  -49.0  -39.0   13.0   21.0   39.0   53.0      218        0      218  -39.0   21.0   39.0 
     59   -7.9  -11.0   44.9  -11.0   -5.0  -15.0   -7.0   39.0   51.0      187        0      187   -9.0  -11.0   39.0 
     59    8.9   64.9   54.5    5.0   11.0   59.0   71.0   49.0   59.0       92        0       92    9.0   65.0   49.0 
     58  -31.1   38.2  -12.1  -35.0  -25.0   31.0   43.0  -15.0   -9.0      294        0      294  -35.0   41.0  -15.0 
     58   33.6  -16.4   -8.9   27.0   39.0  -21.0  -11.0  -13.0   -5.0       83        0       83   39.0  -11.0  -13.0 
     58   19.5    7.4   66.1   15.0   23.0   -1.0   15.0   61.0   69.0       48        0       48   21.0    9.0   61.0 
     57    9.1  -24.9   26.7    3.0   13.0  -29.0  -21.0   23.0   31.0       28        0       28   13.0  -27.0   23.0 
     56  -28.7   48.0   -7.2  -35.0  -23.0   41.0   57.0   -9.0   -5.0      293        0      293  -25.0   57.0   -9.0 
     56   35.9   -5.4   32.6   33.0   39.0  -11.0    1.0   27.0   37.0      107        0      107   33.0   -7.0   27.0 
     56   42.4    4.6   47.9   37.0   47.0    1.0    9.0   43.0   55.0       40        0       40   39.0    7.0   43.0 
     55  -48.7   40.4   10.9  -55.0  -45.0   37.0   45.0    7.0   15.0      228        0      228  -49.0   39.0    7.0 
     54   42.0   -7.4   21.9   37.0   49.0  -13.0   -3.0   17.0   25.0      113        0      113   47.0   -3.0   17.0 
     53   47.8   41.5   24.0   43.0   53.0   37.0   45.0   19.0   29.0       64        0       64   51.0   43.0   19.0 
     52  -17.2   -2.4   65.8  -21.0  -11.0   -7.0    5.0   63.0   69.0      192        0      192  -15.0   -3.0   63.0 
     51   24.6  100.3   -0.6   17.0   31.0   95.0  105.0   -3.0    3.0      140        0      140   23.0  103.0   -3.0 
     51   53.3   56.4    9.3   47.0   59.0   51.0   63.0    5.0   13.0       61        0       61   55.0   55.0    5.0 
     50   55.4   21.7   38.8   53.0   59.0   17.0   27.0   35.0   43.0       54        0       54   53.0   25.0   35.0 
     48  -47.4   21.8   -9.3  -51.0  -45.0   17.0   27.0  -13.0   -5.0      333        0      333  -47.0   23.0  -13.0 
     47   58.2   48.3   -9.3   55.0   61.0   41.0   55.0  -11.0   -5.0        9        0        9   59.0   55.0  -11.0 
     47  -36.3    9.9   10.7  -41.0  -33.0    5.0   13.0    7.0   15.0      244        0      244  -37.0   11.0    7.0 
     45   24.1   26.4  -15.7   17.0   31.0   23.0   29.0  -17.0  -13.0      144        0      144   21.0   29.0  -17.0 
     45   37.2   33.4   18.3   33.0   41.0   27.0   37.0   13.0   21.0       65        0       65   35.0   35.0   13.0 
     44  -37.9  -17.3   25.4  -41.0  -33.0  -21.0  -15.0   21.0   29.0      276        0      276  -41.0  -17.0   21.0 
     44  -40.1   54.0   43.0  -45.0  -35.0   51.0   57.0   39.0   47.0      260        0      260  -35.0   53.0   39.0 
     43   20.4   40.2   -3.0   15.0   27.0   37.0   43.0   -7.0    1.0       19        0       19   23.0   39.0   -7.0 
     43   28.6  -46.1   20.4   23.0   33.0  -51.0  -41.0   17.0   23.0      147        0      147   27.0  -47.0   17.0 
     43   -4.5   18.2   51.5   -9.0   -3.0   11.0   23.0   47.0   57.0      194        0      194   -5.0   23.0   47.0 
     41  -22.3   37.5  -13.4  -27.0  -17.0   33.0   41.0  -15.0   -9.0      313        0      313  -19.0   39.0  -15.0 
     41    6.9   75.9   -2.5    3.0   11.0   71.0   81.0   -5.0    3.0      138        0      138    5.0   81.0   -5.0 
     40   43.9   20.1   47.3   39.0   49.0   17.0   23.0   41.0   55.0       59        0       59   39.0   21.0   41.0 
     39   11.2   59.3    2.2    7.0   15.0   55.0   63.0   -1.0    5.0       17        0       17   13.0   59.0   -1.0 
     39   46.7   54.7   12.9   43.0   51.0   49.0   59.0    9.0   15.0       60        0       60   45.0   53.0    9.0 
     39   -6.5   69.7   49.3   -9.0   -5.0   65.0   75.0   45.0   53.0      257        0      257   -5.0   73.0   45.0 
     37   20.5  -45.5  -17.1   15.0   25.0  -53.0  -37.0  -19.0  -15.0      122        0      122   21.0  -37.0  -19.0 
     36  -11.6   29.6   68.3  -17.0   -7.0   27.0   33.0   65.0   71.0      204        0      204   -9.0   31.0   65.0 
     35   12.3   30.8   65.3    7.0   17.0   25.0   35.0   61.0   67.0       32        0       32   13.0   31.0   61.0 
     33  -34.9   57.3   43.9  -39.0  -31.0   53.0   61.0   41.0   47.0      261        0      261  -37.0   59.0   41.0 
     33   12.0   47.9   59.8    7.0   17.0   45.0   51.0   57.0   63.0       30        0       30   15.0   49.0   57.0 
     31  -23.7   24.2  -16.0  -29.0  -19.0   21.0   27.0  -17.0  -13.0      296        0      296  -19.0   27.0  -17.0 
     31  -63.7   27.3  -14.1  -67.0  -57.0   23.0   33.0  -15.0  -11.0      289        0      289  -57.0   33.0  -15.0 
     30  -33.2   41.5   50.3  -37.0  -29.0   39.0   43.0   47.0   55.0      210        0      210  -33.0   43.0   47.0 
     25   23.4   74.0   -6.4   19.0   29.0   71.0   77.0   -9.0   -5.0      141        0      141   21.0   71.0   -9.0 
#------  -----  -----  -----  -----  -----  -----  -----  -----  -----  -------  -------  -------  -----  -----  -----
# 46335  -17.2   14.6   19.6                                             153.75   0.4474                             
