 11
  5
  4
 11
  1
 11
  5
  1
  5
  7
  3
  2
  1
  1
  1
  1
  2
  1
  1
 10
 10
 11
 11
 11
 11
 10
 10
 10
  5
  4
  4
  4
  4
  4
  4
  4
  4
  5
  5
  5
  5
 11
  4
  4
  4
  5
  5
  5
  5
  5
  4
  5
  5
  5
  4
  5
  4
  6
  6
 11
 10
  7
  7
  7
  7
  7
  7
  7
 10
 10
 11
 11
 10
  7
 11
 11
 11
 10
 10
 10
 10
 11
 11
  5
  5
  3
  1
  5
  5
  3
 11
  5
  5
  1
  1
  1
  5
  7
  7
  7
  7
 10
  5
  5
  5
  5
  5
 10
 10
  5
 11
 11
 11
 11
 11
  8
  9
  8
  1
 11
 11
  2
  1
  1
  1
  1
  1
  1
  2
  1
 11
 11
 10
 11
 12
 11
 11
 11
 10
 11
  5
 11
 11
 11
  7
 11
 11
  5
  4
 11
  1
  5
 10
  1
  5
  7
  3
  2
  1
  1
  1
  2
  2
 10
 10
 10
 10
 11
 10
 11
 10
 10
  5
  4
  4
  5
  4
  4
  4
  4
  4
  5
  5
 11
  4
  4
  5
  4
  4
  5
  5
  5
  5
  5
  4
  5
  4
  5
  4
  5
  4
 10
 11
 11
 11
 10
  7
 11
 11
  7
 11
 11
 11
 11
 11
  7
 10
 10
 10
 11
 10
  4
 11
 11
 11
 11
  7
 10
 10
 10
 10
 10
  1
  5
  5
  1
  3
  1
  1
  3
  1
 11
  5
  5
  5
  1
  1
  1
  5
  1
  7
  7
  5
  5
  5
  5
 10
 10
  1
 11
 11
 11
 11
  1
  8
  9
  1
 11
 11
  1
  1
  2
  1
  1
  1
  1
  1
  1
  2
 11
 11
 10
 10
 11
 12
 11
 11
 11
 11
 11
 11
 11
 11
  7
 11
 11
 11
