1.000000000000000000e+00
5.000000000000000000e+00
6.000000000000000000e+00
8.000000000000000000e+00
4.400000000000000000e+01
4.500000000000000000e+01
5.600000000000000000e+01
8.200000000000000000e+01
8.700000000000000000e+01
1.100000000000000000e+02
1.220000000000000000e+02
1.450000000000000000e+02
1.500000000000000000e+02
1.620000000000000000e+02
1.670000000000000000e+02
1.950000000000000000e+02
2.100000000000000000e+02
2.130000000000000000e+02
2.380000000000000000e+02
2.390000000000000000e+02
2.520000000000000000e+02
2.930000000000000000e+02
2.980000000000000000e+02
3.220000000000000000e+02
3.230000000000000000e+02
