51 66 29 334
50 67 29 335
51 67 29 336
52 67 29 337
53 67 29 338
36 66 30 339
37 66 30 340
38 66 30 341
39 66 30 342
40 66 30 343
49 66 30 344
50 66 30 345
51 66 30 346
52 66 30 347
53 66 30 348
54 66 30 349
55 66 30 350
56 66 30 351
35 67 30 352
36 67 30 353
37 67 30 354
38 67 30 355
39 67 30 356
40 67 30 357
41 67 30 358
49 67 30 359
50 67 30 360
51 67 30 361
52 67 30 362
53 67 30 363
54 67 30 364
55 67 30 365
36 68 30 366
37 68 30 367
38 68 30 368
39 68 30 369
40 68 30 370
49 68 30 371
50 68 30 372
51 68 30 373
52 68 30 374
53 68 30 375
54 68 30 376
55 68 30 377
61 56 31 378
29 57 31 379
60 57 31 380
29 58 31 381
30 58 31 382
59 58 31 383
60 58 31 384
53 65 31 385
54 65 31 386
55 65 31 387
56 65 31 388
57 65 31 389
58 65 31 390
32 66 31 391
33 66 31 392
34 66 31 393
35 66 31 394
36 66 31 395
37 66 31 396
38 66 31 397
39 66 31 398
40 66 31 399
41 66 31 400
42 66 31 401
48 66 31 402
49 66 31 403
50 66 31 404
51 66 31 405
52 66 31 406
53 66 31 407
54 66 31 408
55 66 31 409
56 66 31 410
57 66 31 411
33 67 31 412
34 67 31 413
35 67 31 414
36 67 31 415
37 67 31 416
38 67 31 417
39 67 31 418
40 67 31 419
41 67 31 420
42 67 31 421
48 67 31 422
49 67 31 423
50 67 31 424
51 67 31 425
52 67 31 426
53 67 31 427
54 67 31 428
55 67 31 429
56 67 31 430
57 67 31 431
33 68 31 432
34 68 31 433
35 68 31 434
36 68 31 435
37 68 31 436
38 68 31 437
39 68 31 438
40 68 31 439
41 68 31 440
48 68 31 441
49 68 31 442
50 68 31 443
51 68 31 444
52 68 31 445
53 68 31 446
54 68 31 447
55 68 31 448
56 68 31 449
57 68 31 450
34 69 31 451
35 69 31 452
36 69 31 453
37 69 31 454
38 69 31 455
39 69 31 456
40 69 31 457
41 69 31 458
49 69 31 459
50 69 31 460
51 69 31 461
52 69 31 462
53 69 31 463
54 69 31 464
55 69 31 465
56 69 31 466
34 70 31 467
35 70 31 468
36 70 31 469
37 70 31 470
38 70 31 471
39 70 31 472
40 70 31 473
49 70 31 474
50 70 31 475
51 70 31 476
52 70 31 477
53 70 31 478
54 70 31 479
55 70 31 480
56 70 31 481
35 71 31 482
36 71 31 483
50 71 31 484
51 71 31 485
52 71 31 486
53 71 31 487
54 71 31 488
55 71 31 489
35 72 31 490
60 55 32 491
61 55 32 492
29 56 32 493
60 56 32 494
61 56 32 495
29 57 32 496
30 57 32 497
59 57 32 498
60 57 32 499
29 58 32 500
30 58 32 501
59 58 32 502
60 58 32 503
30 59 32 504
31 59 32 505
59 59 32 506
60 59 32 507
30 60 32 508
31 60 32 509
59 60 32 510
60 60 32 511
30 61 32 512
31 61 32 513
59 61 32 514
30 62 32 515
31 62 32 516
58 62 32 517
59 62 32 518
31 63 32 519
32 63 32 520
57 63 32 521
58 63 32 522
59 63 32 523
31 64 32 524
32 64 32 525
33 64 32 526
55 64 32 527
56 64 32 528
57 64 32 529
58 64 32 530
59 64 32 531
31 65 32 532
32 65 32 533
33 65 32 534
34 65 32 535
35 65 32 536
53 65 32 537
54 65 32 538
55 65 32 539
56 65 32 540
57 65 32 541
58 65 32 542
59 65 32 543
31 66 32 544
32 66 32 545
33 66 32 546
34 66 32 547
35 66 32 548
36 66 32 549
37 66 32 550
38 66 32 551
39 66 32 552
40 66 32 553
41 66 32 554
42 66 32 555
47 66 32 556
48 66 32 557
49 66 32 558
50 66 32 559
51 66 32 560
52 66 32 561
53 66 32 562
54 66 32 563
55 66 32 564
56 66 32 565
57 66 32 566
58 66 32 567
32 67 32 568
33 67 32 569
34 67 32 570
35 67 32 571
36 67 32 572
37 67 32 573
38 67 32 574
39 67 32 575
40 67 32 576
41 67 32 577
42 67 32 578
48 67 32 579
49 67 32 580
50 67 32 581
51 67 32 582
52 67 32 583
53 67 32 584
54 67 32 585
55 67 32 586
56 67 32 587
57 67 32 588
58 67 32 589
32 68 32 590
33 68 32 591
34 68 32 592
35 68 32 593
36 68 32 594
37 68 32 595
38 68 32 596
39 68 32 597
40 68 32 598
41 68 32 599
42 68 32 600
48 68 32 601
49 68 32 602
50 68 32 603
51 68 32 604
52 68 32 605
53 68 32 606
54 68 32 607
55 68 32 608
56 68 32 609
57 68 32 610
58 68 32 611
33 69 32 612
34 69 32 613
35 69 32 614
36 69 32 615
37 69 32 616
38 69 32 617
39 69 32 618
40 69 32 619
41 69 32 620
48 69 32 621
49 69 32 622
50 69 32 623
51 69 32 624
52 69 32 625
53 69 32 626
54 69 32 627
55 69 32 628
56 69 32 629
57 69 32 630
33 70 32 631
34 70 32 632
35 70 32 633
36 70 32 634
37 70 32 635
38 70 32 636
39 70 32 637
40 70 32 638
41 70 32 639
49 70 32 640
50 70 32 641
51 70 32 642
52 70 32 643
53 70 32 644
54 70 32 645
55 70 32 646
56 70 32 647
57 70 32 648
34 71 32 649
35 71 32 650
36 71 32 651
37 71 32 652
38 71 32 653
39 71 32 654
40 71 32 655
50 71 32 656
51 71 32 657
52 71 32 658
53 71 32 659
54 71 32 660
55 71 32 661
56 71 32 662
34 72 32 663
35 72 32 664
36 72 32 665
38 72 32 666
39 72 32 667
40 72 32 668
50 72 32 669
51 72 32 670
52 72 32 671
53 72 32 672
54 72 32 673
55 72 32 674
36 73 32 675
38 73 32 676
39 73 32 677
52 73 32 678
53 73 32 679
60 54 33 680
61 54 33 681
29 55 33 682
60 55 33 683
61 55 33 684
29 56 33 685
30 56 33 686
60 56 33 687
61 56 33 688
29 57 33 689
30 57 33 690
31 57 33 691
59 57 33 692
60 57 33 693
29 58 33 694
30 58 33 695
31 58 33 696
59 58 33 697
60 58 33 698
29 59 33 699
30 59 33 700
31 59 33 701
58 59 33 702
59 59 33 703
60 59 33 704
29 60 33 705
30 60 33 706
31 60 33 707
58 60 33 708
59 60 33 709
60 60 33 710
29 61 33 711
30 61 33 712
31 61 33 713
59 61 33 714
60 61 33 715
29 62 33 716
30 62 33 717
31 62 33 718
32 62 33 719
57 62 33 720
58 62 33 721
59 62 33 722
60 62 33 723
30 63 33 724
31 63 33 725
32 63 33 726
33 63 33 727
57 63 33 728
58 63 33 729
59 63 33 730
60 63 33 731
30 64 33 732
31 64 33 733
32 64 33 734
33 64 33 735
56 64 33 736
57 64 33 737
58 64 33 738
59 64 33 739
60 64 33 740
30 65 33 741
31 65 33 742
32 65 33 743
33 65 33 744
34 65 33 745
35 65 33 746
54 65 33 747
55 65 33 748
56 65 33 749
57 65 33 750
58 65 33 751
59 65 33 752
60 65 33 753
31 66 33 754
32 66 33 755
33 66 33 756
34 66 33 757
35 66 33 758
36 66 33 759
37 66 33 760
41 66 33 761
42 66 33 762
43 66 33 763
47 66 33 764
48 66 33 765
49 66 33 766
50 66 33 767
52 66 33 768
53 66 33 769
54 66 33 770
55 66 33 771
56 66 33 772
57 66 33 773
58 66 33 774
59 66 33 775
31 67 33 776
32 67 33 777
33 67 33 778
34 67 33 779
35 67 33 780
36 67 33 781
37 67 33 782
38 67 33 783
40 67 33 784
41 67 33 785
42 67 33 786
48 67 33 787
49 67 33 788
50 67 33 789
51 67 33 790
52 67 33 791
53 67 33 792
54 67 33 793
55 67 33 794
56 67 33 795
57 67 33 796
58 67 33 797
59 67 33 798
31 68 33 799
32 68 33 800
33 68 33 801
34 68 33 802
35 68 33 803
36 68 33 804
37 68 33 805
38 68 33 806
39 68 33 807
40 68 33 808
41 68 33 809
42 68 33 810
48 68 33 811
49 68 33 812
50 68 33 813
51 68 33 814
52 68 33 815
53 68 33 816
54 68 33 817
55 68 33 818
56 68 33 819
57 68 33 820
58 68 33 821
32 69 33 822
33 69 33 823
34 69 33 824
35 69 33 825
36 69 33 826
37 69 33 827
39 69 33 828
40 69 33 829
41 69 33 830
42 69 33 831
48 69 33 832
49 69 33 833
50 69 33 834
51 69 33 835
53 69 33 836
54 69 33 837
55 69 33 838
56 69 33 839
57 69 33 840
58 69 33 841
32 70 33 842
33 70 33 843
34 70 33 844
35 70 33 845
36 70 33 846
37 70 33 847
38 70 33 848
39 70 33 849
40 70 33 850
41 70 33 851
42 70 33 852
48 70 33 853
49 70 33 854
50 70 33 855
51 70 33 856
53 70 33 857
54 70 33 858
55 70 33 859
56 70 33 860
57 70 33 861
33 71 33 862
34 71 33 863
35 71 33 864
36 71 33 865
38 71 33 866
39 71 33 867
40 71 33 868
41 71 33 869
49 71 33 870
50 71 33 871
51 71 33 872
52 71 33 873
54 71 33 874
55 71 33 875
56 71 33 876
57 71 33 877
33 72 33 878
34 72 33 879
35 72 33 880
36 72 33 881
38 72 33 882
39 72 33 883
40 72 33 884
50 72 33 885
51 72 33 886
52 72 33 887
53 72 33 888
54 72 33 889
55 72 33 890
56 72 33 891
34 73 33 892
35 73 33 893
37 73 33 894
38 73 33 895
39 73 33 896
40 73 33 897
51 73 33 898
52 73 33 899
53 73 33 900
55 73 33 901
37 74 33 902
38 74 33 903
52 74 33 904
29 54 34 905
60 54 34 906
61 54 34 907
29 55 34 908
30 55 34 909
59 55 34 910
60 55 34 911
61 55 34 912
29 56 34 913
30 56 34 914
59 56 34 915
60 56 34 916
61 56 34 917
29 57 34 918
30 57 34 919
59 57 34 920
60 57 34 921
61 57 34 922
29 58 34 923
30 58 34 924
31 58 34 925
59 58 34 926
60 58 34 927
61 58 34 928
29 59 34 929
30 59 34 930
59 59 34 931
60 59 34 932
61 59 34 933
29 60 34 934
30 60 34 935
31 60 34 936
58 60 34 937
59 60 34 938
60 60 34 939
61 60 34 940
29 61 34 941
30 61 34 942
31 61 34 943
58 61 34 944
59 61 34 945
60 61 34 946
61 61 34 947
29 62 34 948
30 62 34 949
31 62 34 950
32 62 34 951
57 62 34 952
58 62 34 953
59 62 34 954
60 62 34 955
61 62 34 956
29 63 34 957
30 63 34 958
31 63 34 959
32 63 34 960
33 63 34 961
57 63 34 962
58 63 34 963
59 63 34 964
60 63 34 965
29 64 34 966
30 64 34 967
31 64 34 968
32 64 34 969
33 64 34 970
56 64 34 971
57 64 34 972
58 64 34 973
59 64 34 974
60 64 34 975
30 65 34 976
31 65 34 977
32 65 34 978
33 65 34 979
34 65 34 980
54 65 34 981
55 65 34 982
56 65 34 983
57 65 34 984
58 65 34 985
59 65 34 986
60 65 34 987
30 66 34 988
31 66 34 989
32 66 34 990
33 66 34 991
34 66 34 992
35 66 34 993
36 66 34 994
41 66 34 995
42 66 34 996
43 66 34 997
47 66 34 998
48 66 34 999
49 66 34 1000
53 66 34 1001
54 66 34 1002
55 66 34 1003
56 66 34 1004
57 66 34 1005
58 66 34 1006
59 66 34 1007
60 66 34 1008
30 67 34 1009
31 67 34 1010
32 67 34 1011
33 67 34 1012
34 67 34 1013
35 67 34 1014
36 67 34 1015
37 67 34 1016
41 67 34 1017
42 67 34 1018
48 67 34 1019
49 67 34 1020
50 67 34 1021
53 67 34 1022
54 67 34 1023
55 67 34 1024
56 67 34 1025
57 67 34 1026
58 67 34 1027
59 67 34 1028
31 68 34 1029
32 68 34 1030
33 68 34 1031
34 68 34 1032
35 68 34 1033
36 68 34 1034
37 68 34 1035
40 68 34 1036
41 68 34 1037
42 68 34 1038
48 68 34 1039
49 68 34 1040
50 68 34 1041
53 68 34 1042
54 68 34 1043
55 68 34 1044
56 68 34 1045
57 68 34 1046
58 68 34 1047
59 68 34 1048
31 69 34 1049
32 69 34 1050
33 69 34 1051
34 69 34 1052
35 69 34 1053
36 69 34 1054
37 69 34 1055
40 69 34 1056
41 69 34 1057
42 69 34 1058
47 69 34 1059
48 69 34 1060
49 69 34 1061
50 69 34 1062
51 69 34 1063
53 69 34 1064
54 69 34 1065
55 69 34 1066
56 69 34 1067
57 69 34 1068
58 69 34 1069
32 70 34 1070
33 70 34 1071
34 70 34 1072
35 70 34 1073
36 70 34 1074
37 70 34 1075
39 70 34 1076
40 70 34 1077
41 70 34 1078
42 70 34 1079
48 70 34 1080
49 70 34 1081
50 70 34 1082
51 70 34 1083
54 70 34 1084
55 70 34 1085
56 70 34 1086
57 70 34 1087
58 70 34 1088
32 71 34 1089
33 71 34 1090
34 71 34 1091
35 71 34 1092
36 71 34 1093
38 71 34 1094
39 71 34 1095
40 71 34 1096
41 71 34 1097
48 71 34 1098
49 71 34 1099
50 71 34 1100
51 71 34 1101
52 71 34 1102
54 71 34 1103
55 71 34 1104
56 71 34 1105
57 71 34 1106
33 72 34 1107
34 72 34 1108
35 72 34 1109
37 72 34 1110
38 72 34 1111
39 72 34 1112
40 72 34 1113
41 72 34 1114
49 72 34 1115
50 72 34 1116
51 72 34 1117
52 72 34 1118
53 72 34 1119
55 72 34 1120
56 72 34 1121
34 73 34 1122
35 73 34 1123
37 73 34 1124
38 73 34 1125
39 73 34 1126
40 73 34 1127
50 73 34 1128
51 73 34 1129
52 73 34 1130
53 73 34 1131
55 73 34 1132
56 73 34 1133
37 74 34 1134
38 74 34 1135
39 74 34 1136
51 74 34 1137
52 74 34 1138
53 74 34 1139
37 75 34 1140
38 75 34 1141
29 53 35 1142
60 53 35 1143
29 54 35 1144
59 54 35 1145
60 54 35 1146
29 55 35 1147
30 55 35 1148
59 55 35 1149
60 55 35 1150
61 55 35 1151
29 56 35 1152
30 56 35 1153
59 56 35 1154
60 56 35 1155
61 56 35 1156
29 57 35 1157
30 57 35 1158
59 57 35 1159
60 57 35 1160
61 57 35 1161
29 58 35 1162
30 58 35 1163
59 58 35 1164
60 58 35 1165
61 58 35 1166
29 59 35 1167
30 59 35 1168
59 59 35 1169
60 59 35 1170
61 59 35 1171
29 60 35 1172
30 60 35 1173
31 60 35 1174
58 60 35 1175
59 60 35 1176
60 60 35 1177
61 60 35 1178
29 61 35 1179
30 61 35 1180
31 61 35 1181
58 61 35 1182
59 61 35 1183
60 61 35 1184
61 61 35 1185
29 62 35 1186
30 62 35 1187
31 62 35 1188
32 62 35 1189
57 62 35 1190
58 62 35 1191
59 62 35 1192
60 62 35 1193
61 62 35 1194
29 63 35 1195
30 63 35 1196
31 63 35 1197
32 63 35 1198
33 63 35 1199
57 63 35 1200
58 63 35 1201
59 63 35 1202
60 63 35 1203
29 64 35 1204
30 64 35 1205
31 64 35 1206
32 64 35 1207
33 64 35 1208
56 64 35 1209
57 64 35 1210
58 64 35 1211
59 64 35 1212
60 64 35 1213
30 65 35 1214
31 65 35 1215
32 65 35 1216
33 65 35 1217
34 65 35 1218
55 65 35 1219
56 65 35 1220
57 65 35 1221
58 65 35 1222
59 65 35 1223
60 65 35 1224
30 66 35 1225
31 66 35 1226
32 66 35 1227
33 66 35 1228
34 66 35 1229
35 66 35 1230
41 66 35 1231
42 66 35 1232
48 66 35 1233
49 66 35 1234
54 66 35 1235
55 66 35 1236
56 66 35 1237
57 66 35 1238
58 66 35 1239
59 66 35 1240
60 66 35 1241
30 67 35 1242
31 67 35 1243
32 67 35 1244
33 67 35 1245
34 67 35 1246
35 67 35 1247
36 67 35 1248
41 67 35 1249
48 67 35 1250
49 67 35 1251
50 67 35 1252
53 67 35 1253
54 67 35 1254
55 67 35 1255
56 67 35 1256
57 67 35 1257
58 67 35 1258
59 67 35 1259
30 68 35 1260
31 68 35 1261
32 68 35 1262
33 68 35 1263
34 68 35 1264
35 68 35 1265
36 68 35 1266
37 68 35 1267
40 68 35 1268
41 68 35 1269
48 68 35 1270
49 68 35 1271
50 68 35 1272
53 68 35 1273
54 68 35 1274
55 68 35 1275
56 68 35 1276
57 68 35 1277
58 68 35 1278
59 68 35 1279
31 69 35 1280
32 69 35 1281
33 69 35 1282
34 69 35 1283
35 69 35 1284
36 69 35 1285
39 69 35 1286
40 69 35 1287
41 69 35 1288
42 69 35 1289
47 69 35 1290
48 69 35 1291
49 69 35 1292
50 69 35 1293
51 69 35 1294
54 69 35 1295
55 69 35 1296
56 69 35 1297
57 69 35 1298
58 69 35 1299
31 70 35 1300
32 70 35 1301
33 70 35 1302
34 70 35 1303
35 70 35 1304
36 70 35 1305
39 70 35 1306
40 70 35 1307
41 70 35 1308
42 70 35 1309
48 70 35 1310
49 70 35 1311
50 70 35 1312
51 70 35 1313
52 70 35 1314
54 70 35 1315
55 70 35 1316
56 70 35 1317
57 70 35 1318
58 70 35 1319
32 71 35 1320
33 71 35 1321
34 71 35 1322
35 71 35 1323
38 71 35 1324
39 71 35 1325
40 71 35 1326
41 71 35 1327
42 71 35 1328
48 71 35 1329
49 71 35 1330
50 71 35 1331
51 71 35 1332
52 71 35 1333
55 71 35 1334
56 71 35 1335
57 71 35 1336
33 72 35 1337
34 72 35 1338
35 72 35 1339
37 72 35 1340
38 72 35 1341
39 72 35 1342
40 72 35 1343
41 72 35 1344
49 72 35 1345
50 72 35 1346
51 72 35 1347
52 72 35 1348
53 72 35 1349
54 72 35 1350
55 72 35 1351
56 72 35 1352
33 73 35 1353
34 73 35 1354
37 73 35 1355
38 73 35 1356
39 73 35 1357
40 73 35 1358
41 73 35 1359
49 73 35 1360
50 73 35 1361
51 73 35 1362
52 73 35 1363
53 73 35 1364
54 73 35 1365
36 74 35 1366
37 74 35 1367
38 74 35 1368
39 74 35 1369
40 74 35 1370
51 74 35 1371
52 74 35 1372
53 74 35 1373
54 74 35 1374
37 75 35 1375
38 75 35 1376
53 75 35 1377
60 52 36 1378
59 53 36 1379
60 53 36 1380
29 54 36 1381
30 54 36 1382
59 54 36 1383
60 54 36 1384
29 55 36 1385
30 55 36 1386
59 55 36 1387
60 55 36 1388
61 55 36 1389
29 56 36 1390
30 56 36 1391
31 56 36 1392
59 56 36 1393
60 56 36 1394
61 56 36 1395
29 57 36 1396
30 57 36 1397
59 57 36 1398
60 57 36 1399
61 57 36 1400
29 58 36 1401
30 58 36 1402
31 58 36 1403
59 58 36 1404
60 58 36 1405
61 58 36 1406
29 59 36 1407
30 59 36 1408
59 59 36 1409
60 59 36 1410
61 59 36 1411
29 60 36 1412
30 60 36 1413
31 60 36 1414
58 60 36 1415
59 60 36 1416
60 60 36 1417
61 60 36 1418
29 61 36 1419
30 61 36 1420
31 61 36 1421
58 61 36 1422
59 61 36 1423
60 61 36 1424
61 61 36 1425
29 62 36 1426
30 62 36 1427
31 62 36 1428
32 62 36 1429
57 62 36 1430
58 62 36 1431
59 62 36 1432
60 62 36 1433
61 62 36 1434
29 63 36 1435
30 63 36 1436
31 63 36 1437
32 63 36 1438
33 63 36 1439
57 63 36 1440
58 63 36 1441
59 63 36 1442
60 63 36 1443
29 64 36 1444
30 64 36 1445
31 64 36 1446
32 64 36 1447
33 64 36 1448
56 64 36 1449
57 64 36 1450
58 64 36 1451
59 64 36 1452
60 64 36 1453
30 65 36 1454
31 65 36 1455
32 65 36 1456
33 65 36 1457
34 65 36 1458
55 65 36 1459
56 65 36 1460
57 65 36 1461
58 65 36 1462
59 65 36 1463
60 65 36 1464
30 66 36 1465
31 66 36 1466
32 66 36 1467
33 66 36 1468
34 66 36 1469
35 66 36 1470
41 66 36 1471
49 66 36 1472
54 66 36 1473
55 66 36 1474
56 66 36 1475
57 66 36 1476
58 66 36 1477
59 66 36 1478
60 66 36 1479
30 67 36 1480
31 67 36 1481
32 67 36 1482
33 67 36 1483
34 67 36 1484
35 67 36 1485
36 67 36 1486
41 67 36 1487
48 67 36 1488
49 67 36 1489
50 67 36 1490
54 67 36 1491
55 67 36 1492
56 67 36 1493
57 67 36 1494
58 67 36 1495
59 67 36 1496
30 68 36 1497
31 68 36 1498
32 68 36 1499
33 68 36 1500
34 68 36 1501
35 68 36 1502
36 68 36 1503
40 68 36 1504
41 68 36 1505
48 68 36 1506
49 68 36 1507
50 68 36 1508
54 68 36 1509
55 68 36 1510
56 68 36 1511
57 68 36 1512
58 68 36 1513
59 68 36 1514
31 69 36 1515
32 69 36 1516
33 69 36 1517
34 69 36 1518
35 69 36 1519
39 69 36 1520
40 69 36 1521
41 69 36 1522
42 69 36 1523
49 69 36 1524
50 69 36 1525
51 69 36 1526
54 69 36 1527
55 69 36 1528
56 69 36 1529
57 69 36 1530
58 69 36 1531
31 70 36 1532
32 70 36 1533
33 70 36 1534
34 70 36 1535
35 70 36 1536
38 70 36 1537
39 70 36 1538
40 70 36 1539
41 70 36 1540
42 70 36 1541
48 70 36 1542
49 70 36 1543
50 70 36 1544
51 70 36 1545
52 70 36 1546
55 70 36 1547
56 70 36 1548
57 70 36 1549
58 70 36 1550
32 71 36 1551
33 71 36 1552
34 71 36 1553
35 71 36 1554
38 71 36 1555
39 71 36 1556
40 71 36 1557
41 71 36 1558
42 71 36 1559
48 71 36 1560
49 71 36 1561
50 71 36 1562
51 71 36 1563
52 71 36 1564
53 71 36 1565
55 71 36 1566
56 71 36 1567
57 71 36 1568
33 72 36 1569
34 72 36 1570
37 72 36 1571
38 72 36 1572
39 72 36 1573
40 72 36 1574
41 72 36 1575
49 72 36 1576
50 72 36 1577
51 72 36 1578
52 72 36 1579
53 72 36 1580
56 72 36 1581
57 72 36 1582
33 73 36 1583
36 73 36 1584
37 73 36 1585
38 73 36 1586
39 73 36 1587
40 73 36 1588
50 73 36 1589
51 73 36 1590
52 73 36 1591
53 73 36 1592
54 73 36 1593
36 74 36 1594
37 74 36 1595
38 74 36 1596
39 74 36 1597
51 74 36 1598
52 74 36 1599
53 74 36 1600
54 74 36 1601
36 75 36 1602
37 75 36 1603
53 75 36 1604
60 52 37 1605
30 53 37 1606
59 53 37 1607
60 53 37 1608
30 54 37 1609
59 54 37 1610
60 54 37 1611
29 55 37 1612
30 55 37 1613
31 55 37 1614
59 55 37 1615
60 55 37 1616
61 55 37 1617
29 56 37 1618
30 56 37 1619
31 56 37 1620
59 56 37 1621
60 56 37 1622
61 56 37 1623
29 57 37 1624
30 57 37 1625
31 57 37 1626
59 57 37 1627
60 57 37 1628
61 57 37 1629
29 58 37 1630
30 58 37 1631
31 58 37 1632
58 58 37 1633
59 58 37 1634
60 58 37 1635
61 58 37 1636
29 59 37 1637
30 59 37 1638
31 59 37 1639
58 59 37 1640
59 59 37 1641
60 59 37 1642
61 59 37 1643
29 60 37 1644
30 60 37 1645
31 60 37 1646
58 60 37 1647
59 60 37 1648
60 60 37 1649
61 60 37 1650
29 61 37 1651
30 61 37 1652
31 61 37 1653
32 61 37 1654
57 61 37 1655
58 61 37 1656
59 61 37 1657
60 61 37 1658
61 61 37 1659
29 62 37 1660
30 62 37 1661
31 62 37 1662
32 62 37 1663
57 62 37 1664
58 62 37 1665
59 62 37 1666
60 62 37 1667
61 62 37 1668
29 63 37 1669
30 63 37 1670
31 63 37 1671
32 63 37 1672
33 63 37 1673
56 63 37 1674
57 63 37 1675
58 63 37 1676
59 63 37 1677
60 63 37 1678
29 64 37 1679
30 64 37 1680
31 64 37 1681
32 64 37 1682
33 64 37 1683
34 64 37 1684
56 64 37 1685
57 64 37 1686
58 64 37 1687
59 64 37 1688
60 64 37 1689
30 65 37 1690
31 65 37 1691
32 65 37 1692
33 65 37 1693
34 65 37 1694
41 65 37 1695
55 65 37 1696
56 65 37 1697
57 65 37 1698
58 65 37 1699
59 65 37 1700
60 65 37 1701
30 66 37 1702
31 66 37 1703
32 66 37 1704
33 66 37 1705
34 66 37 1706
35 66 37 1707
41 66 37 1708
49 66 37 1709
54 66 37 1710
55 66 37 1711
56 66 37 1712
57 66 37 1713
58 66 37 1714
59 66 37 1715
60 66 37 1716
30 67 37 1717
31 67 37 1718
32 67 37 1719
33 67 37 1720
34 67 37 1721
35 67 37 1722
36 67 37 1723
41 67 37 1724
49 67 37 1725
50 67 37 1726
54 67 37 1727
55 67 37 1728
56 67 37 1729
57 67 37 1730
58 67 37 1731
59 67 37 1732
31 68 37 1733
32 68 37 1734
33 68 37 1735
34 68 37 1736
35 68 37 1737
40 68 37 1738
41 68 37 1739
48 68 37 1740
49 68 37 1741
50 68 37 1742
51 68 37 1743
55 68 37 1744
56 68 37 1745
57 68 37 1746
58 68 37 1747
59 68 37 1748
31 69 37 1749
32 69 37 1750
33 69 37 1751
34 69 37 1752
35 69 37 1753
39 69 37 1754
40 69 37 1755
41 69 37 1756
48 69 37 1757
49 69 37 1758
50 69 37 1759
51 69 37 1760
52 69 37 1761
55 69 37 1762
56 69 37 1763
57 69 37 1764
58 69 37 1765
32 70 37 1766
33 70 37 1767
34 70 37 1768
35 70 37 1769
38 70 37 1770
39 70 37 1771
40 70 37 1772
41 70 37 1773
42 70 37 1774
48 70 37 1775
49 70 37 1776
50 70 37 1777
51 70 37 1778
52 70 37 1779
55 70 37 1780
56 70 37 1781
57 70 37 1782
58 70 37 1783
32 71 37 1784
33 71 37 1785
34 71 37 1786
38 71 37 1787
39 71 37 1788
40 71 37 1789
41 71 37 1790
48 71 37 1791
49 71 37 1792
50 71 37 1793
51 71 37 1794
52 71 37 1795
53 71 37 1796
56 71 37 1797
57 71 37 1798
33 72 37 1799
37 72 37 1800
38 72 37 1801
39 72 37 1802
40 72 37 1803
41 72 37 1804
49 72 37 1805
50 72 37 1806
51 72 37 1807
52 72 37 1808
53 72 37 1809
54 72 37 1810
57 72 37 1811
36 73 37 1812
37 73 37 1813
38 73 37 1814
39 73 37 1815
40 73 37 1816
50 73 37 1817
51 73 37 1818
52 73 37 1819
53 73 37 1820
54 73 37 1821
36 74 37 1822
37 74 37 1823
38 74 37 1824
39 74 37 1825
51 74 37 1826
52 74 37 1827
53 74 37 1828
54 74 37 1829
36 75 37 1830
37 75 37 1831
53 75 37 1832
59 52 38 1833
30 53 38 1834
59 53 38 1835
60 53 38 1836
30 54 38 1837
59 54 38 1838
60 54 38 1839
29 55 38 1840
30 55 38 1841
31 55 38 1842
59 55 38 1843
60 55 38 1844
29 56 38 1845
30 56 38 1846
31 56 38 1847
58 56 38 1848
59 56 38 1849
60 56 38 1850
61 56 38 1851
29 57 38 1852
30 57 38 1853
31 57 38 1854
58 57 38 1855
59 57 38 1856
60 57 38 1857
61 57 38 1858
29 58 38 1859
30 58 38 1860
31 58 38 1861
32 58 38 1862
58 58 38 1863
59 58 38 1864
60 58 38 1865
61 58 38 1866
29 59 38 1867
30 59 38 1868
31 59 38 1869
57 59 38 1870
58 59 38 1871
59 59 38 1872
60 59 38 1873
61 59 38 1874
29 60 38 1875
30 60 38 1876
31 60 38 1877
32 60 38 1878
57 60 38 1879
58 60 38 1880
59 60 38 1881
60 60 38 1882
61 60 38 1883
29 61 38 1884
30 61 38 1885
31 61 38 1886
32 61 38 1887
33 61 38 1888
57 61 38 1889
58 61 38 1890
59 61 38 1891
60 61 38 1892
61 61 38 1893
29 62 38 1894
30 62 38 1895
31 62 38 1896
32 62 38 1897
33 62 38 1898
56 62 38 1899
57 62 38 1900
58 62 38 1901
59 62 38 1902
60 62 38 1903
29 63 38 1904
30 63 38 1905
31 63 38 1906
32 63 38 1907
33 63 38 1908
34 63 38 1909
55 63 38 1910
56 63 38 1911
57 63 38 1912
58 63 38 1913
59 63 38 1914
60 63 38 1915
29 64 38 1916
30 64 38 1917
31 64 38 1918
32 64 38 1919
33 64 38 1920
34 64 38 1921
41 64 38 1922
55 64 38 1923
56 64 38 1924
57 64 38 1925
58 64 38 1926
59 64 38 1927
60 64 38 1928
30 65 38 1929
31 65 38 1930
32 65 38 1931
33 65 38 1932
34 65 38 1933
35 65 38 1934
41 65 38 1935
49 65 38 1936
55 65 38 1937
56 65 38 1938
57 65 38 1939
58 65 38 1940
59 65 38 1941
60 65 38 1942
30 66 38 1943
31 66 38 1944
32 66 38 1945
33 66 38 1946
34 66 38 1947
35 66 38 1948
49 66 38 1949
54 66 38 1950
55 66 38 1951
56 66 38 1952
57 66 38 1953
58 66 38 1954
59 66 38 1955
30 67 38 1956
31 67 38 1957
32 67 38 1958
33 67 38 1959
34 67 38 1960
35 67 38 1961
40 67 38 1962
41 67 38 1963
49 67 38 1964
50 67 38 1965
54 67 38 1966
55 67 38 1967
56 67 38 1968
57 67 38 1969
58 67 38 1970
59 67 38 1971
31 68 38 1972
32 68 38 1973
33 68 38 1974
34 68 38 1975
35 68 38 1976
40 68 38 1977
41 68 38 1978
48 68 38 1979
49 68 38 1980
50 68 38 1981
51 68 38 1982
55 68 38 1983
56 68 38 1984
57 68 38 1985
58 68 38 1986
59 68 38 1987
31 69 38 1988
32 69 38 1989
33 69 38 1990
34 69 38 1991
39 69 38 1992
40 69 38 1993
41 69 38 1994
48 69 38 1995
49 69 38 1996
50 69 38 1997
51 69 38 1998
52 69 38 1999
55 69 38 2000
56 69 38 2001
57 69 38 2002
58 69 38 2003
32 70 38 2004
33 70 38 2005
34 70 38 2006
38 70 38 2007
39 70 38 2008
40 70 38 2009
41 70 38 2010
48 70 38 2011
49 70 38 2012
50 70 38 2013
51 70 38 2014
52 70 38 2015
53 70 38 2016
56 70 38 2017
57 70 38 2018
58 70 38 2019
32 71 38 2020
33 71 38 2021
37 71 38 2022
38 71 38 2023
39 71 38 2024
40 71 38 2025
41 71 38 2026
49 71 38 2027
50 71 38 2028
51 71 38 2029
52 71 38 2030
53 71 38 2031
57 71 38 2032
36 72 38 2033
37 72 38 2034
38 72 38 2035
39 72 38 2036
40 72 38 2037
41 72 38 2038
49 72 38 2039
50 72 38 2040
51 72 38 2041
52 72 38 2042
53 72 38 2043
54 72 38 2044
36 73 38 2045
37 73 38 2046
38 73 38 2047
39 73 38 2048
40 73 38 2049
50 73 38 2050
51 73 38 2051
52 73 38 2052
53 73 38 2053
54 73 38 2054
36 74 38 2055
37 74 38 2056
38 74 38 2057
39 74 38 2058
52 74 38 2059
53 74 38 2060
54 74 38 2061
36 75 38 2062
37 75 38 2063
59 52 39 2064
30 53 39 2065
59 53 39 2066
60 53 39 2067
30 54 39 2068
59 54 39 2069
60 54 39 2070
30 55 39 2071
31 55 39 2072
59 55 39 2073
60 55 39 2074
30 56 39 2075
31 56 39 2076
58 56 39 2077
59 56 39 2078
60 56 39 2079
29 57 39 2080
30 57 39 2081
31 57 39 2082
58 57 39 2083
59 57 39 2084
60 57 39 2085
29 58 39 2086
30 58 39 2087
31 58 39 2088
32 58 39 2089
57 58 39 2090
58 58 39 2091
59 58 39 2092
60 58 39 2093
29 59 39 2094
30 59 39 2095
31 59 39 2096
32 59 39 2097
57 59 39 2098
58 59 39 2099
59 59 39 2100
60 59 39 2101
29 60 39 2102
30 60 39 2103
31 60 39 2104
32 60 39 2105
33 60 39 2106
56 60 39 2107
57 60 39 2108
58 60 39 2109
59 60 39 2110
60 60 39 2111
29 61 39 2112
30 61 39 2113
31 61 39 2114
32 61 39 2115
33 61 39 2116
56 61 39 2117
57 61 39 2118
58 61 39 2119
59 61 39 2120
60 61 39 2121
29 62 39 2122
30 62 39 2123
31 62 39 2124
32 62 39 2125
33 62 39 2126
34 62 39 2127
56 62 39 2128
57 62 39 2129
58 62 39 2130
59 62 39 2131
60 62 39 2132
29 63 39 2133
30 63 39 2134
31 63 39 2135
32 63 39 2136
33 63 39 2137
34 63 39 2138
55 63 39 2139
56 63 39 2140
57 63 39 2141
58 63 39 2142
59 63 39 2143
60 63 39 2144
30 64 39 2145
31 64 39 2146
32 64 39 2147
33 64 39 2148
34 64 39 2149
35 64 39 2150
41 64 39 2151
49 64 39 2152
55 64 39 2153
56 64 39 2154
57 64 39 2155
58 64 39 2156
59 64 39 2157
60 64 39 2158
30 65 39 2159
31 65 39 2160
32 65 39 2161
33 65 39 2162
34 65 39 2163
35 65 39 2164
40 65 39 2165
49 65 39 2166
55 65 39 2167
56 65 39 2168
57 65 39 2169
58 65 39 2170
59 65 39 2171
30 66 39 2172
31 66 39 2173
32 66 39 2174
33 66 39 2175
34 66 39 2176
35 66 39 2177
40 66 39 2178
49 66 39 2179
50 66 39 2180
55 66 39 2181
56 66 39 2182
57 66 39 2183
58 66 39 2184
59 66 39 2185
31 67 39 2186
32 67 39 2187
33 67 39 2188
34 67 39 2189
35 67 39 2190
40 67 39 2191
41 67 39 2192
49 67 39 2193
50 67 39 2194
51 67 39 2195
55 67 39 2196
56 67 39 2197
57 67 39 2198
58 67 39 2199
59 67 39 2200
31 68 39 2201
32 68 39 2202
33 68 39 2203
34 68 39 2204
39 68 39 2205
40 68 39 2206
41 68 39 2207
48 68 39 2208
49 68 39 2209
50 68 39 2210
51 68 39 2211
56 68 39 2212
57 68 39 2213
58 68 39 2214
32 69 39 2215
33 69 39 2216
34 69 39 2217
38 69 39 2218
39 69 39 2219
40 69 39 2220
41 69 39 2221
48 69 39 2222
49 69 39 2223
50 69 39 2224
51 69 39 2225
52 69 39 2226
56 69 39 2227
57 69 39 2228
58 69 39 2229
32 70 39 2230
33 70 39 2231
34 70 39 2232
37 70 39 2233
38 70 39 2234
39 70 39 2235
40 70 39 2236
41 70 39 2237
49 70 39 2238
50 70 39 2239
51 70 39 2240
52 70 39 2241
53 70 39 2242
56 70 39 2243
57 70 39 2244
58 70 39 2245
33 71 39 2246
37 71 39 2247
38 71 39 2248
39 71 39 2249
40 71 39 2250
41 71 39 2251
49 71 39 2252
50 71 39 2253
51 71 39 2254
52 71 39 2255
53 71 39 2256
54 71 39 2257
36 72 39 2258
37 72 39 2259
38 72 39 2260
39 72 39 2261
40 72 39 2262
50 72 39 2263
51 72 39 2264
52 72 39 2265
53 72 39 2266
54 72 39 2267
35 73 39 2268
36 73 39 2269
37 73 39 2270
38 73 39 2271
39 73 39 2272
40 73 39 2273
51 73 39 2274
52 73 39 2275
53 73 39 2276
54 73 39 2277
36 74 39 2278
37 74 39 2279
38 74 39 2280
52 74 39 2281
53 74 39 2282
54 74 39 2283
36 75 39 2284
59 53 40 2285
30 54 40 2286
59 54 40 2287
60 54 40 2288
30 55 40 2289
31 55 40 2290
59 55 40 2291
60 55 40 2292
30 56 40 2293
31 56 40 2294
58 56 40 2295
59 56 40 2296
60 56 40 2297
30 57 40 2298
31 57 40 2299
58 57 40 2300
59 57 40 2301
60 57 40 2302
30 58 40 2303
31 58 40 2304
32 58 40 2305
57 58 40 2306
58 58 40 2307
59 58 40 2308
60 58 40 2309
30 59 40 2310
31 59 40 2311
32 59 40 2312
57 59 40 2313
58 59 40 2314
59 59 40 2315
60 59 40 2316
30 60 40 2317
31 60 40 2318
32 60 40 2319
33 60 40 2320
56 60 40 2321
57 60 40 2322
58 60 40 2323
59 60 40 2324
60 60 40 2325
30 61 40 2326
31 61 40 2327
32 61 40 2328
33 61 40 2329
56 61 40 2330
57 61 40 2331
58 61 40 2332
59 61 40 2333
60 61 40 2334
30 62 40 2335
31 62 40 2336
32 62 40 2337
33 62 40 2338
34 62 40 2339
56 62 40 2340
57 62 40 2341
58 62 40 2342
59 62 40 2343
60 62 40 2344
30 63 40 2345
31 63 40 2346
32 63 40 2347
33 63 40 2348
34 63 40 2349
41 63 40 2350
49 63 40 2351
55 63 40 2352
56 63 40 2353
57 63 40 2354
58 63 40 2355
59 63 40 2356
60 63 40 2357
30 64 40 2358
31 64 40 2359
32 64 40 2360
33 64 40 2361
34 64 40 2362
40 64 40 2363
49 64 40 2364
50 64 40 2365
55 64 40 2366
56 64 40 2367
57 64 40 2368
58 64 40 2369
59 64 40 2370
30 65 40 2371
31 65 40 2372
32 65 40 2373
33 65 40 2374
34 65 40 2375
40 65 40 2376
49 65 40 2377
50 65 40 2378
55 65 40 2379
56 65 40 2380
57 65 40 2381
58 65 40 2382
59 65 40 2383
31 66 40 2384
32 66 40 2385
33 66 40 2386
34 66 40 2387
40 66 40 2388
49 66 40 2389
50 66 40 2390
51 66 40 2391
55 66 40 2392
56 66 40 2393
57 66 40 2394
58 66 40 2395
59 66 40 2396
31 67 40 2397
32 67 40 2398
33 67 40 2399
34 67 40 2400
39 67 40 2401
40 67 40 2402
41 67 40 2403
49 67 40 2404
50 67 40 2405
51 67 40 2406
55 67 40 2407
56 67 40 2408
57 67 40 2409
58 67 40 2410
31 68 40 2411
32 68 40 2412
33 68 40 2413
34 68 40 2414
38 68 40 2415
39 68 40 2416
40 68 40 2417
41 68 40 2418
49 68 40 2419
50 68 40 2420
51 68 40 2421
52 68 40 2422
56 68 40 2423
57 68 40 2424
58 68 40 2425
32 69 40 2426
33 69 40 2427
37 69 40 2428
38 69 40 2429
39 69 40 2430
40 69 40 2431
41 69 40 2432
49 69 40 2433
50 69 40 2434
51 69 40 2435
52 69 40 2436
53 69 40 2437
57 69 40 2438
37 70 40 2439
38 70 40 2440
39 70 40 2441
40 70 40 2442
41 70 40 2443
49 70 40 2444
50 70 40 2445
51 70 40 2446
52 70 40 2447
53 70 40 2448
36 71 40 2449
37 71 40 2450
38 71 40 2451
39 71 40 2452
40 71 40 2453
41 71 40 2454
49 71 40 2455
50 71 40 2456
51 71 40 2457
52 71 40 2458
53 71 40 2459
54 71 40 2460
36 72 40 2461
37 72 40 2462
38 72 40 2463
39 72 40 2464
40 72 40 2465
50 72 40 2466
51 72 40 2467
52 72 40 2468
53 72 40 2469
54 72 40 2470
35 73 40 2471
36 73 40 2472
37 73 40 2473
38 73 40 2474
39 73 40 2475
51 73 40 2476
52 73 40 2477
53 73 40 2478
54 73 40 2479
36 74 40 2480
37 74 40 2481
53 74 40 2482
59 54 41 2483
59 55 41 2484
30 56 41 2485
31 56 41 2486
59 56 41 2487
30 57 41 2488
31 57 41 2489
58 57 41 2490
59 57 41 2491
30 58 41 2492
31 58 41 2493
57 58 41 2494
58 58 41 2495
59 58 41 2496
30 59 41 2497
31 59 41 2498
32 59 41 2499
57 59 41 2500
58 59 41 2501
59 59 41 2502
30 60 41 2503
31 60 41 2504
32 60 41 2505
57 60 41 2506
58 60 41 2507
59 60 41 2508
60 60 41 2509
30 61 41 2510
31 61 41 2511
32 61 41 2512
33 61 41 2513
56 61 41 2514
57 61 41 2515
58 61 41 2516
59 61 41 2517
60 61 41 2518
30 62 41 2519
31 62 41 2520
32 62 41 2521
33 62 41 2522
56 62 41 2523
57 62 41 2524
58 62 41 2525
59 62 41 2526
60 62 41 2527
30 63 41 2528
31 63 41 2529
32 63 41 2530
33 63 41 2531
34 63 41 2532
40 63 41 2533
49 63 41 2534
50 63 41 2535
56 63 41 2536
57 63 41 2537
58 63 41 2538
59 63 41 2539
30 64 41 2540
31 64 41 2541
32 64 41 2542
33 64 41 2543
34 64 41 2544
39 64 41 2545
40 64 41 2546
50 64 41 2547
56 64 41 2548
57 64 41 2549
58 64 41 2550
59 64 41 2551
31 65 41 2552
32 65 41 2553
33 65 41 2554
34 65 41 2555
39 65 41 2556
40 65 41 2557
49 65 41 2558
50 65 41 2559
51 65 41 2560
56 65 41 2561
57 65 41 2562
58 65 41 2563
59 65 41 2564
31 66 41 2565
32 66 41 2566
33 66 41 2567
39 66 41 2568
40 66 41 2569
49 66 41 2570
50 66 41 2571
51 66 41 2572
56 66 41 2573
57 66 41 2574
58 66 41 2575
32 67 41 2576
33 67 41 2577
38 67 41 2578
39 67 41 2579
40 67 41 2580
49 67 41 2581
50 67 41 2582
51 67 41 2583
52 67 41 2584
56 67 41 2585
57 67 41 2586
58 67 41 2587
32 68 41 2588
33 68 41 2589
37 68 41 2590
38 68 41 2591
39 68 41 2592
40 68 41 2593
41 68 41 2594
49 68 41 2595
50 68 41 2596
51 68 41 2597
52 68 41 2598
53 68 41 2599
57 68 41 2600
37 69 41 2601
38 69 41 2602
39 69 41 2603
40 69 41 2604
41 69 41 2605
49 69 41 2606
50 69 41 2607
51 69 41 2608
52 69 41 2609
53 69 41 2610
36 70 41 2611
37 70 41 2612
38 70 41 2613
39 70 41 2614
40 70 41 2615
41 70 41 2616
49 70 41 2617
50 70 41 2618
51 70 41 2619
52 70 41 2620
53 70 41 2621
54 70 41 2622
36 71 41 2623
37 71 41 2624
38 71 41 2625
39 71 41 2626
40 71 41 2627
50 71 41 2628
51 71 41 2629
52 71 41 2630
53 71 41 2631
54 71 41 2632
36 72 41 2633
37 72 41 2634
38 72 41 2635
39 72 41 2636
51 72 41 2637
52 72 41 2638
53 72 41 2639
54 72 41 2640
36 73 41 2641
37 73 41 2642
38 73 41 2643
52 73 41 2644
53 73 41 2645
54 73 41 2646
36 74 41 2647
58 57 42 2648
59 57 42 2649
31 58 42 2650
58 58 42 2651
59 58 42 2652
31 59 42 2653
32 59 42 2654
57 59 42 2655
58 59 42 2656
59 59 42 2657
31 60 42 2658
32 60 42 2659
57 60 42 2660
58 60 42 2661
59 60 42 2662
31 61 42 2663
32 61 42 2664
33 61 42 2665
57 61 42 2666
58 61 42 2667
59 61 42 2668
31 62 42 2669
32 62 42 2670
33 62 42 2671
40 62 42 2672
50 62 42 2673
57 62 42 2674
58 62 42 2675
59 62 42 2676
31 63 42 2677
32 63 42 2678
33 63 42 2679
39 63 42 2680
40 63 42 2681
50 63 42 2682
51 63 42 2683
57 63 42 2684
58 63 42 2685
59 63 42 2686
31 64 42 2687
32 64 42 2688
39 64 42 2689
40 64 42 2690
50 64 42 2691
51 64 42 2692
57 64 42 2693
58 64 42 2694
31 65 42 2695
32 65 42 2696
33 65 42 2697
38 65 42 2698
39 65 42 2699
40 65 42 2700
49 65 42 2701
50 65 42 2702
51 65 42 2703
57 65 42 2704
58 65 42 2705
32 66 42 2706
38 66 42 2707
39 66 42 2708
40 66 42 2709
49 66 42 2710
50 66 42 2711
51 66 42 2712
52 66 42 2713
57 66 42 2714
58 66 42 2715
37 67 42 2716
38 67 42 2717
39 67 42 2718
40 67 42 2719
49 67 42 2720
50 67 42 2721
51 67 42 2722
52 67 42 2723
53 67 42 2724
37 68 42 2725
38 68 42 2726
39 68 42 2727
40 68 42 2728
49 68 42 2729
50 68 42 2730
51 68 42 2731
52 68 42 2732
53 68 42 2733
36 69 42 2734
37 69 42 2735
38 69 42 2736
39 69 42 2737
40 69 42 2738
49 69 42 2739
50 69 42 2740
51 69 42 2741
52 69 42 2742
53 69 42 2743
54 69 42 2744
36 70 42 2745
37 70 42 2746
38 70 42 2747
39 70 42 2748
40 70 42 2749
50 70 42 2750
51 70 42 2751
52 70 42 2752
53 70 42 2753
54 70 42 2754
35 71 42 2755
36 71 42 2756
37 71 42 2757
38 71 42 2758
39 71 42 2759
51 71 42 2760
52 71 42 2761
53 71 42 2762
54 71 42 2763
36 72 42 2764
37 72 42 2765
38 72 42 2766
52 72 42 2767
53 72 42 2768
54 72 42 2769
36 73 42 2770
37 73 42 2771
53 73 42 2772
58 58 43 2773
58 59 43 2774
57 60 43 2775
58 60 43 2776
32 61 43 2777
40 61 43 2778
50 61 43 2779
57 61 43 2780
58 61 43 2781
32 62 43 2782
39 62 43 2783
40 62 43 2784
50 62 43 2785
51 62 43 2786
58 62 43 2787
32 63 43 2788
38 63 43 2789
39 63 43 2790
50 63 43 2791
51 63 43 2792
58 63 43 2793
38 64 43 2794
39 64 43 2795
40 64 43 2796
50 64 43 2797
51 64 43 2798
52 64 43 2799
37 65 43 2800
38 65 43 2801
39 65 43 2802
40 65 43 2803
50 65 43 2804
51 65 43 2805
52 65 43 2806
37 66 43 2807
38 66 43 2808
39 66 43 2809
40 66 43 2810
49 66 43 2811
50 66 43 2812
51 66 43 2813
52 66 43 2814
53 66 43 2815
36 67 43 2816
37 67 43 2817
38 67 43 2818
39 67 43 2819
40 67 43 2820
49 67 43 2821
50 67 43 2822
51 67 43 2823
52 67 43 2824
53 67 43 2825
36 68 43 2826
37 68 43 2827
38 68 43 2828
39 68 43 2829
40 68 43 2830
50 68 43 2831
51 68 43 2832
52 68 43 2833
53 68 43 2834
54 68 43 2835
36 69 43 2836
37 69 43 2837
38 69 43 2838
39 69 43 2839
40 69 43 2840
50 69 43 2841
51 69 43 2842
52 69 43 2843
53 69 43 2844
54 69 43 2845
35 70 43 2846
36 70 43 2847
37 70 43 2848
38 70 43 2849
39 70 43 2850
51 70 43 2851
52 70 43 2852
53 70 43 2853
54 70 43 2854
35 71 43 2855
36 71 43 2856
37 71 43 2857
38 71 43 2858
52 71 43 2859
53 71 43 2860
54 71 43 2861
36 72 43 2862
37 72 43 2863
53 72 43 2864
51 60 44 2865
38 61 44 2866
39 61 44 2867
51 61 44 2868
52 61 44 2869
38 62 44 2870
39 62 44 2871
50 62 44 2872
51 62 44 2873
52 62 44 2874
37 63 44 2875
38 63 44 2876
39 63 44 2877
50 63 44 2878
51 63 44 2879
52 63 44 2880
37 64 44 2881
38 64 44 2882
39 64 44 2883
50 64 44 2884
51 64 44 2885
52 64 44 2886
53 64 44 2887
37 65 44 2888
38 65 44 2889
39 65 44 2890
40 65 44 2891
50 65 44 2892
51 65 44 2893
52 65 44 2894
53 65 44 2895
36 66 44 2896
37 66 44 2897
38 66 44 2898
39 66 44 2899
40 66 44 2900
50 66 44 2901
51 66 44 2902
52 66 44 2903
53 66 44 2904
54 66 44 2905
36 67 44 2906
37 67 44 2907
38 67 44 2908
39 67 44 2909
40 67 44 2910
50 67 44 2911
51 67 44 2912
52 67 44 2913
53 67 44 2914
54 67 44 2915
36 68 44 2916
37 68 44 2917
38 68 44 2918
39 68 44 2919
51 68 44 2920
52 68 44 2921
53 68 44 2922
54 68 44 2923
35 69 44 2924
36 69 44 2925
37 69 44 2926
38 69 44 2927
39 69 44 2928
51 69 44 2929
52 69 44 2930
53 69 44 2931
54 69 44 2932
36 70 44 2933
37 70 44 2934
38 70 44 2935
52 70 44 2936
53 70 44 2937
54 70 44 2938
35 71 44 2939
36 71 44 2940
37 71 44 2941
53 71 44 2942
51 59 45 2943
52 59 45 2944
37 60 45 2945
38 60 45 2946
39 60 45 2947
51 60 45 2948
52 60 45 2949
37 61 45 2950
38 61 45 2951
39 61 45 2952
51 61 45 2953
52 61 45 2954
37 62 45 2955
38 62 45 2956
39 62 45 2957
51 62 45 2958
52 62 45 2959
53 62 45 2960
36 63 45 2961
37 63 45 2962
38 63 45 2963
39 63 45 2964
50 63 45 2965
51 63 45 2966
52 63 45 2967
53 63 45 2968
36 64 45 2969
37 64 45 2970
38 64 45 2971
39 64 45 2972
50 64 45 2973
51 64 45 2974
52 64 45 2975
53 64 45 2976
36 65 45 2977
37 65 45 2978
38 65 45 2979
39 65 45 2980
50 65 45 2981
51 65 45 2982
52 65 45 2983
53 65 45 2984
54 65 45 2985
36 66 45 2986
37 66 45 2987
38 66 45 2988
39 66 45 2989
51 66 45 2990
52 66 45 2991
53 66 45 2992
54 66 45 2993
36 67 45 2994
37 67 45 2995
38 67 45 2996
39 67 45 2997
51 67 45 2998
52 67 45 2999
53 67 45 3000
54 67 45 3001
36 68 45 3002
37 68 45 3003
38 68 45 3004
52 68 45 3005
53 68 45 3006
54 68 45 3007
36 69 45 3008
37 69 45 3009
53 69 45 3010
36 70 45 3011
53 70 45 3012
36 71 45 3013
54 52 46 3014
53 53 46 3015
52 56 46 3016
37 57 46 3017
52 57 46 3018
53 57 46 3019
38 58 46 3020
52 58 46 3021
53 58 46 3022
37 59 46 3023
38 59 46 3024
52 59 46 3025
53 59 46 3026
37 60 46 3027
38 60 46 3028
51 60 46 3029
52 60 46 3030
53 60 46 3031
36 61 46 3032
37 61 46 3033
38 61 46 3034
51 61 46 3035
52 61 46 3036
53 61 46 3037
36 62 46 3038
37 62 46 3039
38 62 46 3040
51 62 46 3041
52 62 46 3042
53 62 46 3043
36 63 46 3044
37 63 46 3045
38 63 46 3046
39 63 46 3047
51 63 46 3048
52 63 46 3049
53 63 46 3050
36 64 46 3051
37 64 46 3052
38 64 46 3053
39 64 46 3054
51 64 46 3055
52 64 46 3056
53 64 46 3057
54 64 46 3058
36 65 46 3059
37 65 46 3060
38 65 46 3061
52 65 46 3062
53 65 46 3063
54 65 46 3064
36 66 46 3065
37 66 46 3066
38 66 46 3067
52 66 46 3068
53 66 46 3069
54 66 46 3070
36 67 46 3071
37 67 46 3072
52 67 46 3073
53 67 46 3074
54 67 46 3075
36 68 46 3076
37 68 46 3077
53 68 46 3078
54 52 47 3079
36 53 47 3080
54 53 47 3081
36 54 47 3082
53 54 47 3083
54 54 47 3084
36 55 47 3085
53 55 47 3086
54 55 47 3087
36 56 47 3088
37 56 47 3089
53 56 47 3090
36 57 47 3091
37 57 47 3092
52 57 47 3093
53 57 47 3094
36 58 47 3095
37 58 47 3096
52 58 47 3097
53 58 47 3098
36 59 47 3099
37 59 47 3100
52 59 47 3101
53 59 47 3102
36 60 47 3103
37 60 47 3104
38 60 47 3105
52 60 47 3106
53 60 47 3107
36 61 47 3108
37 61 47 3109
38 61 47 3110
52 61 47 3111
53 61 47 3112
54 61 47 3113
36 62 47 3114
37 62 47 3115
38 62 47 3116
52 62 47 3117
53 62 47 3118
54 62 47 3119
36 63 47 3120
37 63 47 3121
38 63 47 3122
52 63 47 3123
53 63 47 3124
54 63 47 3125
36 64 47 3126
37 64 47 3127
52 64 47 3128
53 64 47 3129
36 65 47 3130
37 65 47 3131
53 65 47 3132
36 66 47 3133
37 66 47 3134
53 66 47 3135
37 67 47 3136
54 53 48 3137
36 54 48 3138
54 54 48 3139
36 55 48 3140
54 55 48 3141
36 56 48 3142
53 56 48 3143
54 56 48 3144
36 57 48 3145
53 57 48 3146
54 57 48 3147
36 58 48 3148
37 58 48 3149
53 58 48 3150
54 58 48 3151
36 59 48 3152
37 59 48 3153
53 59 48 3154
54 59 48 3155
36 60 48 3156
37 60 48 3157
53 60 48 3158
36 61 48 3159
37 61 48 3160
53 61 48 3161
54 61 48 3162
36 62 48 3163
37 62 48 3164
53 62 48 3165
36 63 48 3166
37 63 48 3167
53 63 48 3168
36 64 48 3169
37 64 48 3170
53 64 48 3171
37 65 48 3172
36 57 49 3173
54 57 49 3174
36 58 49 3175
36 59 49 3176
54 59 49 3177
36 60 49 3178
36 61 49 3179
36 62 49 3180
