53 50 32 334
54 50 32 335
32 51 32 336
33 51 32 337
35 51 32 338
54 51 32 339
55 51 32 340
31 52 32 341
32 52 32 342
33 52 32 343
34 52 32 344
35 52 32 345
55 52 32 346
31 53 32 347
32 53 32 348
53 48 33 349
54 48 33 350
55 48 33 351
56 48 33 352
57 48 33 353
58 48 33 354
35 49 33 355
36 49 33 356
37 49 33 357
52 49 33 358
53 49 33 359
54 49 33 360
55 49 33 361
56 49 33 362
57 49 33 363
58 49 33 364
32 50 33 365
33 50 33 366
34 50 33 367
35 50 33 368
36 50 33 369
37 50 33 370
52 50 33 371
53 50 33 372
54 50 33 373
55 50 33 374
56 50 33 375
57 50 33 376
58 50 33 377
59 50 33 378
30 51 33 379
31 51 33 380
32 51 33 381
33 51 33 382
34 51 33 383
35 51 33 384
36 51 33 385
37 51 33 386
52 51 33 387
53 51 33 388
54 51 33 389
55 51 33 390
56 51 33 391
57 51 33 392
58 51 33 393
30 52 33 394
31 52 33 395
32 52 33 396
33 52 33 397
34 52 33 398
35 52 33 399
36 52 33 400
54 52 33 401
55 52 33 402
56 52 33 403
57 52 33 404
30 53 33 405
31 53 33 406
32 53 33 407
33 53 33 408
34 53 33 409
55 46 34 410
52 47 34 411
53 47 34 412
54 47 34 413
55 47 34 414
56 47 34 415
57 47 34 416
34 48 34 417
35 48 34 418
36 48 34 419
37 48 34 420
51 48 34 421
52 48 34 422
53 48 34 423
54 48 34 424
55 48 34 425
56 48 34 426
57 48 34 427
58 48 34 428
33 49 34 429
34 49 34 430
35 49 34 431
36 49 34 432
37 49 34 433
38 49 34 434
51 49 34 435
52 49 34 436
53 49 34 437
54 49 34 438
55 49 34 439
56 49 34 440
57 49 34 441
58 49 34 442
31 50 34 443
32 50 34 444
33 50 34 445
34 50 34 446
35 50 34 447
36 50 34 448
37 50 34 449
38 50 34 450
51 50 34 451
52 50 34 452
53 50 34 453
54 50 34 454
55 50 34 455
56 50 34 456
57 50 34 457
58 50 34 458
31 51 34 459
32 51 34 460
33 51 34 461
34 51 34 462
35 51 34 463
36 51 34 464
37 51 34 465
38 51 34 466
51 51 34 467
52 51 34 468
53 51 34 469
54 51 34 470
55 51 34 471
56 51 34 472
57 51 34 473
58 51 34 474
59 51 34 475
31 52 34 476
32 52 34 477
33 52 34 478
34 52 34 479
35 52 34 480
36 52 34 481
37 52 34 482
51 52 34 483
52 52 34 484
53 52 34 485
54 52 34 486
55 52 34 487
56 52 34 488
57 52 34 489
58 52 34 490
31 53 34 491
32 53 34 492
33 53 34 493
34 53 34 494
42 54 34 495
41 55 34 496
42 55 34 497
48 55 34 498
49 55 34 499
41 56 34 500
42 56 34 501
48 56 34 502
49 56 34 503
50 56 34 504
41 57 34 505
42 57 34 506
48 57 34 507
49 57 34 508
50 57 34 509
41 58 34 510
42 58 34 511
48 58 34 512
49 58 34 513
41 59 34 514
42 59 34 515
53 46 35 516
54 46 35 517
55 46 35 518
56 46 35 519
57 46 35 520
34 47 35 521
35 47 35 522
36 47 35 523
51 47 35 524
52 47 35 525
53 47 35 526
54 47 35 527
55 47 35 528
56 47 35 529
57 47 35 530
58 47 35 531
32 48 35 532
33 48 35 533
34 48 35 534
35 48 35 535
36 48 35 536
37 48 35 537
38 48 35 538
39 48 35 539
50 48 35 540
51 48 35 541
52 48 35 542
53 48 35 543
54 48 35 544
55 48 35 545
56 48 35 546
57 48 35 547
58 48 35 548
31 49 35 549
32 49 35 550
33 49 35 551
34 49 35 552
35 49 35 553
36 49 35 554
37 49 35 555
38 49 35 556
39 49 35 557
50 49 35 558
51 49 35 559
52 49 35 560
53 49 35 561
54 49 35 562
55 49 35 563
56 49 35 564
57 49 35 565
58 49 35 566
31 50 35 567
32 50 35 568
33 50 35 569
34 50 35 570
35 50 35 571
36 50 35 572
37 50 35 573
38 50 35 574
39 50 35 575
41 50 35 576
42 50 35 577
48 50 35 578
49 50 35 579
50 50 35 580
51 50 35 581
52 50 35 582
53 50 35 583
54 50 35 584
55 50 35 585
56 50 35 586
57 50 35 587
58 50 35 588
30 51 35 589
31 51 35 590
32 51 35 591
33 51 35 592
34 51 35 593
35 51 35 594
36 51 35 595
37 51 35 596
38 51 35 597
39 51 35 598
41 51 35 599
42 51 35 600
47 51 35 601
48 51 35 602
49 51 35 603
50 51 35 604
51 51 35 605
52 51 35 606
53 51 35 607
54 51 35 608
55 51 35 609
56 51 35 610
57 51 35 611
58 51 35 612
31 52 35 613
32 52 35 614
33 52 35 615
34 52 35 616
35 52 35 617
36 52 35 618
37 52 35 619
38 52 35 620
39 52 35 621
40 52 35 622
41 52 35 623
42 52 35 624
47 52 35 625
48 52 35 626
49 52 35 627
50 52 35 628
51 52 35 629
52 52 35 630
53 52 35 631
54 52 35 632
55 52 35 633
56 52 35 634
57 52 35 635
32 53 35 636
33 53 35 637
34 53 35 638
35 53 35 639
36 53 35 640
37 53 35 641
38 53 35 642
39 53 35 643
40 53 35 644
41 53 35 645
42 53 35 646
43 53 35 647
47 53 35 648
48 53 35 649
49 53 35 650
50 53 35 651
51 53 35 652
52 53 35 653
53 53 35 654
37 54 35 655
38 54 35 656
39 54 35 657
40 54 35 658
41 54 35 659
42 54 35 660
43 54 35 661
46 54 35 662
47 54 35 663
48 54 35 664
49 54 35 665
50 54 35 666
51 54 35 667
52 54 35 668
53 54 35 669
37 55 35 670
38 55 35 671
39 55 35 672
40 55 35 673
41 55 35 674
42 55 35 675
43 55 35 676
46 55 35 677
47 55 35 678
48 55 35 679
49 55 35 680
50 55 35 681
51 55 35 682
52 55 35 683
38 56 35 684
39 56 35 685
40 56 35 686
41 56 35 687
42 56 35 688
43 56 35 689
46 56 35 690
47 56 35 691
48 56 35 692
49 56 35 693
50 56 35 694
51 56 35 695
39 57 35 696
40 57 35 697
41 57 35 698
42 57 35 699
43 57 35 700
46 57 35 701
47 57 35 702
48 57 35 703
49 57 35 704
50 57 35 705
51 57 35 706
39 58 35 707
40 58 35 708
41 58 35 709
42 58 35 710
43 58 35 711
47 58 35 712
48 58 35 713
49 58 35 714
50 58 35 715
51 58 35 716
39 59 35 717
40 59 35 718
41 59 35 719
42 59 35 720
43 59 35 721
47 59 35 722
48 59 35 723
49 59 35 724
50 59 35 725
39 60 35 726
40 60 35 727
41 60 35 728
42 60 35 729
43 60 35 730
47 60 35 731
48 60 35 732
49 60 35 733
50 60 35 734
40 61 35 735
41 61 35 736
42 61 35 737
43 61 35 738
51 45 36 739
52 45 36 740
53 45 36 741
54 45 36 742
55 45 36 743
56 45 36 744
34 46 36 745
35 46 36 746
36 46 36 747
37 46 36 748
50 46 36 749
51 46 36 750
52 46 36 751
53 46 36 752
54 46 36 753
55 46 36 754
56 46 36 755
57 46 36 756
32 47 36 757
33 47 36 758
34 47 36 759
35 47 36 760
36 47 36 761
37 47 36 762
38 47 36 763
39 47 36 764
50 47 36 765
51 47 36 766
52 47 36 767
53 47 36 768
54 47 36 769
55 47 36 770
56 47 36 771
57 47 36 772
58 47 36 773
31 48 36 774
32 48 36 775
33 48 36 776
34 48 36 777
35 48 36 778
36 48 36 779
37 48 36 780
38 48 36 781
39 48 36 782
40 48 36 783
48 48 36 784
49 48 36 785
50 48 36 786
51 48 36 787
52 48 36 788
53 48 36 789
54 48 36 790
55 48 36 791
56 48 36 792
57 48 36 793
58 48 36 794
31 49 36 795
32 49 36 796
33 49 36 797
34 49 36 798
35 49 36 799
36 49 36 800
37 49 36 801
38 49 36 802
39 49 36 803
40 49 36 804
41 49 36 805
42 49 36 806
47 49 36 807
48 49 36 808
49 49 36 809
50 49 36 810
51 49 36 811
52 49 36 812
53 49 36 813
54 49 36 814
55 49 36 815
56 49 36 816
57 49 36 817
58 49 36 818
31 50 36 819
32 50 36 820
33 50 36 821
34 50 36 822
35 50 36 823
36 50 36 824
37 50 36 825
38 50 36 826
39 50 36 827
40 50 36 828
41 50 36 829
42 50 36 830
43 50 36 831
47 50 36 832
48 50 36 833
49 50 36 834
50 50 36 835
51 50 36 836
52 50 36 837
53 50 36 838
54 50 36 839
55 50 36 840
56 50 36 841
57 50 36 842
58 50 36 843
31 51 36 844
32 51 36 845
33 51 36 846
34 51 36 847
35 51 36 848
36 51 36 849
37 51 36 850
38 51 36 851
39 51 36 852
40 51 36 853
41 51 36 854
42 51 36 855
43 51 36 856
46 51 36 857
47 51 36 858
48 51 36 859
49 51 36 860
50 51 36 861
51 51 36 862
52 51 36 863
53 51 36 864
54 51 36 865
55 51 36 866
56 51 36 867
57 51 36 868
58 51 36 869
31 52 36 870
32 52 36 871
33 52 36 872
34 52 36 873
35 52 36 874
36 52 36 875
37 52 36 876
38 52 36 877
39 52 36 878
40 52 36 879
41 52 36 880
42 52 36 881
43 52 36 882
46 52 36 883
47 52 36 884
48 52 36 885
49 52 36 886
50 52 36 887
51 52 36 888
52 52 36 889
53 52 36 890
54 52 36 891
55 52 36 892
56 52 36 893
57 52 36 894
32 53 36 895
33 53 36 896
34 53 36 897
35 53 36 898
36 53 36 899
37 53 36 900
38 53 36 901
39 53 36 902
40 53 36 903
41 53 36 904
42 53 36 905
43 53 36 906
46 53 36 907
47 53 36 908
48 53 36 909
49 53 36 910
50 53 36 911
51 53 36 912
52 53 36 913
53 53 36 914
54 53 36 915
55 53 36 916
35 54 36 917
36 54 36 918
37 54 36 919
38 54 36 920
39 54 36 921
40 54 36 922
41 54 36 923
42 54 36 924
43 54 36 925
44 54 36 926
46 54 36 927
47 54 36 928
48 54 36 929
49 54 36 930
50 54 36 931
51 54 36 932
52 54 36 933
53 54 36 934
35 55 36 935
36 55 36 936
37 55 36 937
38 55 36 938
39 55 36 939
40 55 36 940
41 55 36 941
42 55 36 942
43 55 36 943
44 55 36 944
46 55 36 945
47 55 36 946
48 55 36 947
49 55 36 948
50 55 36 949
51 55 36 950
52 55 36 951
53 55 36 952
36 56 36 953
37 56 36 954
38 56 36 955
39 56 36 956
40 56 36 957
41 56 36 958
42 56 36 959
43 56 36 960
44 56 36 961
46 56 36 962
47 56 36 963
48 56 36 964
49 56 36 965
50 56 36 966
51 56 36 967
52 56 36 968
53 56 36 969
37 57 36 970
38 57 36 971
39 57 36 972
40 57 36 973
41 57 36 974
42 57 36 975
43 57 36 976
46 57 36 977
47 57 36 978
48 57 36 979
49 57 36 980
50 57 36 981
51 57 36 982
52 57 36 983
37 58 36 984
38 58 36 985
39 58 36 986
40 58 36 987
41 58 36 988
42 58 36 989
43 58 36 990
44 58 36 991
46 58 36 992
47 58 36 993
48 58 36 994
49 58 36 995
50 58 36 996
51 58 36 997
52 58 36 998
38 59 36 999
39 59 36 1000
40 59 36 1001
41 59 36 1002
42 59 36 1003
43 59 36 1004
44 59 36 1005
46 59 36 1006
47 59 36 1007
48 59 36 1008
49 59 36 1009
50 59 36 1010
51 59 36 1011
38 60 36 1012
39 60 36 1013
40 60 36 1014
41 60 36 1015
42 60 36 1016
43 60 36 1017
44 60 36 1018
46 60 36 1019
47 60 36 1020
48 60 36 1021
49 60 36 1022
50 60 36 1023
51 60 36 1024
39 61 36 1025
40 61 36 1026
41 61 36 1027
42 61 36 1028
43 61 36 1029
47 61 36 1030
48 61 36 1031
49 61 36 1032
50 61 36 1033
40 62 36 1034
41 62 36 1035
42 62 36 1036
50 45 37 1037
51 45 37 1038
52 45 37 1039
53 45 37 1040
54 45 37 1041
55 45 37 1042
56 45 37 1043
57 45 37 1044
32 46 37 1045
33 46 37 1046
34 46 37 1047
35 46 37 1048
36 46 37 1049
37 46 37 1050
38 46 37 1051
39 46 37 1052
49 46 37 1053
50 46 37 1054
51 46 37 1055
52 46 37 1056
53 46 37 1057
54 46 37 1058
55 46 37 1059
56 46 37 1060
57 46 37 1061
58 46 37 1062
32 47 37 1063
33 47 37 1064
34 47 37 1065
35 47 37 1066
36 47 37 1067
37 47 37 1068
38 47 37 1069
39 47 37 1070
40 47 37 1071
49 47 37 1072
50 47 37 1073
51 47 37 1074
52 47 37 1075
53 47 37 1076
54 47 37 1077
55 47 37 1078
56 47 37 1079
57 47 37 1080
58 47 37 1081
31 48 37 1082
32 48 37 1083
33 48 37 1084
34 48 37 1085
35 48 37 1086
36 48 37 1087
37 48 37 1088
38 48 37 1089
39 48 37 1090
40 48 37 1091
41 48 37 1092
47 48 37 1093
48 48 37 1094
49 48 37 1095
50 48 37 1096
51 48 37 1097
52 48 37 1098
53 48 37 1099
54 48 37 1100
55 48 37 1101
56 48 37 1102
57 48 37 1103
58 48 37 1104
31 49 37 1105
32 49 37 1106
33 49 37 1107
34 49 37 1108
35 49 37 1109
36 49 37 1110
37 49 37 1111
38 49 37 1112
39 49 37 1113
40 49 37 1114
41 49 37 1115
42 49 37 1116
47 49 37 1117
48 49 37 1118
49 49 37 1119
50 49 37 1120
51 49 37 1121
52 49 37 1122
53 49 37 1123
54 49 37 1124
55 49 37 1125
56 49 37 1126
57 49 37 1127
58 49 37 1128
31 50 37 1129
32 50 37 1130
33 50 37 1131
34 50 37 1132
35 50 37 1133
36 50 37 1134
37 50 37 1135
38 50 37 1136
39 50 37 1137
40 50 37 1138
41 50 37 1139
42 50 37 1140
43 50 37 1141
46 50 37 1142
47 50 37 1143
48 50 37 1144
49 50 37 1145
50 50 37 1146
51 50 37 1147
52 50 37 1148
53 50 37 1149
54 50 37 1150
55 50 37 1151
56 50 37 1152
57 50 37 1153
58 50 37 1154
31 51 37 1155
32 51 37 1156
33 51 37 1157
34 51 37 1158
35 51 37 1159
36 51 37 1160
37 51 37 1161
38 51 37 1162
39 51 37 1163
40 51 37 1164
41 51 37 1165
42 51 37 1166
43 51 37 1167
46 51 37 1168
47 51 37 1169
48 51 37 1170
49 51 37 1171
50 51 37 1172
51 51 37 1173
52 51 37 1174
53 51 37 1175
54 51 37 1176
55 51 37 1177
56 51 37 1178
57 51 37 1179
58 51 37 1180
31 52 37 1181
32 52 37 1182
33 52 37 1183
34 52 37 1184
35 52 37 1185
36 52 37 1186
37 52 37 1187
38 52 37 1188
39 52 37 1189
40 52 37 1190
41 52 37 1191
42 52 37 1192
43 52 37 1193
46 52 37 1194
47 52 37 1195
48 52 37 1196
49 52 37 1197
50 52 37 1198
51 52 37 1199
52 52 37 1200
53 52 37 1201
54 52 37 1202
55 52 37 1203
56 52 37 1204
57 52 37 1205
33 53 37 1206
34 53 37 1207
35 53 37 1208
36 53 37 1209
37 53 37 1210
38 53 37 1211
39 53 37 1212
40 53 37 1213
41 53 37 1214
42 53 37 1215
43 53 37 1216
46 53 37 1217
47 53 37 1218
48 53 37 1219
49 53 37 1220
50 53 37 1221
51 53 37 1222
52 53 37 1223
53 53 37 1224
54 53 37 1225
55 53 37 1226
56 53 37 1227
34 54 37 1228
35 54 37 1229
36 54 37 1230
37 54 37 1231
38 54 37 1232
39 54 37 1233
40 54 37 1234
41 54 37 1235
42 54 37 1236
43 54 37 1237
46 54 37 1238
47 54 37 1239
48 54 37 1240
49 54 37 1241
50 54 37 1242
51 54 37 1243
52 54 37 1244
53 54 37 1245
54 54 37 1246
55 54 37 1247
34 55 37 1248
35 55 37 1249
36 55 37 1250
37 55 37 1251
38 55 37 1252
39 55 37 1253
40 55 37 1254
41 55 37 1255
42 55 37 1256
43 55 37 1257
44 55 37 1258
46 55 37 1259
47 55 37 1260
48 55 37 1261
49 55 37 1262
50 55 37 1263
51 55 37 1264
52 55 37 1265
53 55 37 1266
54 55 37 1267
35 56 37 1268
36 56 37 1269
37 56 37 1270
38 56 37 1271
39 56 37 1272
40 56 37 1273
41 56 37 1274
42 56 37 1275
43 56 37 1276
44 56 37 1277
46 56 37 1278
47 56 37 1279
48 56 37 1280
49 56 37 1281
50 56 37 1282
51 56 37 1283
52 56 37 1284
53 56 37 1285
54 56 37 1286
35 57 37 1287
36 57 37 1288
37 57 37 1289
38 57 37 1290
39 57 37 1291
40 57 37 1292
41 57 37 1293
42 57 37 1294
43 57 37 1295
44 57 37 1296
46 57 37 1297
47 57 37 1298
48 57 37 1299
49 57 37 1300
50 57 37 1301
51 57 37 1302
52 57 37 1303
53 57 37 1304
36 58 37 1305
37 58 37 1306
38 58 37 1307
39 58 37 1308
40 58 37 1309
41 58 37 1310
42 58 37 1311
43 58 37 1312
44 58 37 1313
46 58 37 1314
47 58 37 1315
48 58 37 1316
49 58 37 1317
50 58 37 1318
51 58 37 1319
52 58 37 1320
53 58 37 1321
37 59 37 1322
38 59 37 1323
39 59 37 1324
40 59 37 1325
41 59 37 1326
42 59 37 1327
43 59 37 1328
44 59 37 1329
46 59 37 1330
47 59 37 1331
48 59 37 1332
49 59 37 1333
50 59 37 1334
51 59 37 1335
52 59 37 1336
37 60 37 1337
38 60 37 1338
39 60 37 1339
40 60 37 1340
41 60 37 1341
42 60 37 1342
43 60 37 1343
44 60 37 1344
46 60 37 1345
47 60 37 1346
48 60 37 1347
49 60 37 1348
50 60 37 1349
51 60 37 1350
52 60 37 1351
38 61 37 1352
39 61 37 1353
40 61 37 1354
41 61 37 1355
42 61 37 1356
43 61 37 1357
44 61 37 1358
46 61 37 1359
47 61 37 1360
48 61 37 1361
49 61 37 1362
50 61 37 1363
51 61 37 1364
39 62 37 1365
40 62 37 1366
41 62 37 1367
42 62 37 1368
43 62 37 1369
47 62 37 1370
48 62 37 1371
49 62 37 1372
50 62 37 1373
53 44 38 1374
54 44 38 1375
55 44 38 1376
34 45 38 1377
35 45 38 1378
36 45 38 1379
37 45 38 1380
50 45 38 1381
51 45 38 1382
52 45 38 1383
53 45 38 1384
54 45 38 1385
55 45 38 1386
56 45 38 1387
57 45 38 1388
32 46 38 1389
33 46 38 1390
34 46 38 1391
35 46 38 1392
36 46 38 1393
37 46 38 1394
38 46 38 1395
39 46 38 1396
40 46 38 1397
49 46 38 1398
50 46 38 1399
51 46 38 1400
52 46 38 1401
53 46 38 1402
54 46 38 1403
55 46 38 1404
56 46 38 1405
57 46 38 1406
58 46 38 1407
32 47 38 1408
33 47 38 1409
34 47 38 1410
35 47 38 1411
36 47 38 1412
37 47 38 1413
38 47 38 1414
39 47 38 1415
40 47 38 1416
41 47 38 1417
48 47 38 1418
49 47 38 1419
50 47 38 1420
51 47 38 1421
52 47 38 1422
53 47 38 1423
54 47 38 1424
55 47 38 1425
56 47 38 1426
57 47 38 1427
58 47 38 1428
31 48 38 1429
32 48 38 1430
33 48 38 1431
34 48 38 1432
35 48 38 1433
36 48 38 1434
37 48 38 1435
38 48 38 1436
39 48 38 1437
40 48 38 1438
41 48 38 1439
47 48 38 1440
48 48 38 1441
49 48 38 1442
50 48 38 1443
51 48 38 1444
52 48 38 1445
53 48 38 1446
54 48 38 1447
55 48 38 1448
56 48 38 1449
57 48 38 1450
58 48 38 1451
31 49 38 1452
32 49 38 1453
33 49 38 1454
34 49 38 1455
35 49 38 1456
36 49 38 1457
37 49 38 1458
38 49 38 1459
39 49 38 1460
40 49 38 1461
41 49 38 1462
42 49 38 1463
47 49 38 1464
48 49 38 1465
49 49 38 1466
50 49 38 1467
51 49 38 1468
52 49 38 1469
53 49 38 1470
54 49 38 1471
55 49 38 1472
56 49 38 1473
57 49 38 1474
58 49 38 1475
31 50 38 1476
32 50 38 1477
33 50 38 1478
34 50 38 1479
35 50 38 1480
36 50 38 1481
37 50 38 1482
38 50 38 1483
39 50 38 1484
40 50 38 1485
41 50 38 1486
42 50 38 1487
43 50 38 1488
46 50 38 1489
47 50 38 1490
48 50 38 1491
49 50 38 1492
50 50 38 1493
51 50 38 1494
52 50 38 1495
53 50 38 1496
54 50 38 1497
55 50 38 1498
56 50 38 1499
57 50 38 1500
58 50 38 1501
31 51 38 1502
32 51 38 1503
33 51 38 1504
34 51 38 1505
35 51 38 1506
36 51 38 1507
37 51 38 1508
38 51 38 1509
39 51 38 1510
40 51 38 1511
41 51 38 1512
42 51 38 1513
43 51 38 1514
46 51 38 1515
47 51 38 1516
48 51 38 1517
49 51 38 1518
50 51 38 1519
51 51 38 1520
52 51 38 1521
53 51 38 1522
54 51 38 1523
55 51 38 1524
56 51 38 1525
57 51 38 1526
32 52 38 1527
33 52 38 1528
34 52 38 1529
35 52 38 1530
36 52 38 1531
37 52 38 1532
38 52 38 1533
39 52 38 1534
40 52 38 1535
41 52 38 1536
42 52 38 1537
43 52 38 1538
46 52 38 1539
47 52 38 1540
48 52 38 1541
49 52 38 1542
50 52 38 1543
51 52 38 1544
52 52 38 1545
53 52 38 1546
54 52 38 1547
55 52 38 1548
56 52 38 1549
57 52 38 1550
33 53 38 1551
34 53 38 1552
35 53 38 1553
36 53 38 1554
37 53 38 1555
38 53 38 1556
39 53 38 1557
40 53 38 1558
41 53 38 1559
42 53 38 1560
43 53 38 1561
46 53 38 1562
47 53 38 1563
48 53 38 1564
49 53 38 1565
50 53 38 1566
51 53 38 1567
52 53 38 1568
53 53 38 1569
54 53 38 1570
55 53 38 1571
56 53 38 1572
33 54 38 1573
34 54 38 1574
35 54 38 1575
36 54 38 1576
37 54 38 1577
38 54 38 1578
39 54 38 1579
40 54 38 1580
41 54 38 1581
42 54 38 1582
43 54 38 1583
44 54 38 1584
46 54 38 1585
47 54 38 1586
48 54 38 1587
49 54 38 1588
50 54 38 1589
51 54 38 1590
52 54 38 1591
53 54 38 1592
54 54 38 1593
55 54 38 1594
34 55 38 1595
35 55 38 1596
36 55 38 1597
37 55 38 1598
38 55 38 1599
39 55 38 1600
40 55 38 1601
41 55 38 1602
42 55 38 1603
43 55 38 1604
44 55 38 1605
46 55 38 1606
47 55 38 1607
48 55 38 1608
49 55 38 1609
50 55 38 1610
51 55 38 1611
52 55 38 1612
53 55 38 1613
54 55 38 1614
55 55 38 1615
34 56 38 1616
35 56 38 1617
36 56 38 1618
37 56 38 1619
38 56 38 1620
39 56 38 1621
40 56 38 1622
41 56 38 1623
42 56 38 1624
43 56 38 1625
44 56 38 1626
46 56 38 1627
47 56 38 1628
48 56 38 1629
49 56 38 1630
50 56 38 1631
51 56 38 1632
52 56 38 1633
53 56 38 1634
54 56 38 1635
55 56 38 1636
35 57 38 1637
36 57 38 1638
37 57 38 1639
38 57 38 1640
39 57 38 1641
40 57 38 1642
41 57 38 1643
42 57 38 1644
43 57 38 1645
44 57 38 1646
46 57 38 1647
47 57 38 1648
48 57 38 1649
49 57 38 1650
50 57 38 1651
51 57 38 1652
52 57 38 1653
53 57 38 1654
54 57 38 1655
36 58 38 1656
37 58 38 1657
38 58 38 1658
39 58 38 1659
40 58 38 1660
41 58 38 1661
42 58 38 1662
43 58 38 1663
44 58 38 1664
46 58 38 1665
47 58 38 1666
48 58 38 1667
49 58 38 1668
50 58 38 1669
51 58 38 1670
52 58 38 1671
53 58 38 1672
36 59 38 1673
37 59 38 1674
38 59 38 1675
39 59 38 1676
40 59 38 1677
41 59 38 1678
42 59 38 1679
43 59 38 1680
44 59 38 1681
45 59 38 1682
46 59 38 1683
47 59 38 1684
48 59 38 1685
49 59 38 1686
50 59 38 1687
51 59 38 1688
52 59 38 1689
53 59 38 1690
36 60 38 1691
37 60 38 1692
38 60 38 1693
39 60 38 1694
40 60 38 1695
41 60 38 1696
42 60 38 1697
43 60 38 1698
44 60 38 1699
45 60 38 1700
46 60 38 1701
47 60 38 1702
48 60 38 1703
49 60 38 1704
50 60 38 1705
51 60 38 1706
52 60 38 1707
53 60 38 1708
37 61 38 1709
38 61 38 1710
39 61 38 1711
40 61 38 1712
41 61 38 1713
42 61 38 1714
43 61 38 1715
44 61 38 1716
46 61 38 1717
47 61 38 1718
48 61 38 1719
49 61 38 1720
50 61 38 1721
51 61 38 1722
52 61 38 1723
38 62 38 1724
39 62 38 1725
40 62 38 1726
41 62 38 1727
42 62 38 1728
43 62 38 1729
44 62 38 1730
47 62 38 1731
48 62 38 1732
49 62 38 1733
50 62 38 1734
51 62 38 1735
40 63 38 1736
41 63 38 1737
42 63 38 1738
53 44 39 1739
54 44 39 1740
55 44 39 1741
34 45 39 1742
35 45 39 1743
36 45 39 1744
37 45 39 1745
50 45 39 1746
51 45 39 1747
52 45 39 1748
53 45 39 1749
54 45 39 1750
55 45 39 1751
56 45 39 1752
33 46 39 1753
34 46 39 1754
35 46 39 1755
36 46 39 1756
37 46 39 1757
38 46 39 1758
39 46 39 1759
40 46 39 1760
49 46 39 1761
50 46 39 1762
51 46 39 1763
52 46 39 1764
53 46 39 1765
54 46 39 1766
55 46 39 1767
56 46 39 1768
57 46 39 1769
32 47 39 1770
33 47 39 1771
34 47 39 1772
35 47 39 1773
36 47 39 1774
37 47 39 1775
38 47 39 1776
39 47 39 1777
40 47 39 1778
41 47 39 1779
48 47 39 1780
49 47 39 1781
50 47 39 1782
51 47 39 1783
52 47 39 1784
53 47 39 1785
54 47 39 1786
55 47 39 1787
56 47 39 1788
57 47 39 1789
58 47 39 1790
31 48 39 1791
32 48 39 1792
33 48 39 1793
34 48 39 1794
35 48 39 1795
36 48 39 1796
37 48 39 1797
38 48 39 1798
39 48 39 1799
40 48 39 1800
41 48 39 1801
47 48 39 1802
48 48 39 1803
49 48 39 1804
50 48 39 1805
51 48 39 1806
52 48 39 1807
53 48 39 1808
54 48 39 1809
55 48 39 1810
56 48 39 1811
57 48 39 1812
58 48 39 1813
31 49 39 1814
32 49 39 1815
33 49 39 1816
34 49 39 1817
35 49 39 1818
36 49 39 1819
37 49 39 1820
38 49 39 1821
39 49 39 1822
40 49 39 1823
41 49 39 1824
42 49 39 1825
47 49 39 1826
48 49 39 1827
49 49 39 1828
50 49 39 1829
51 49 39 1830
52 49 39 1831
53 49 39 1832
54 49 39 1833
55 49 39 1834
56 49 39 1835
57 49 39 1836
58 49 39 1837
31 50 39 1838
32 50 39 1839
33 50 39 1840
34 50 39 1841
35 50 39 1842
36 50 39 1843
37 50 39 1844
38 50 39 1845
39 50 39 1846
40 50 39 1847
41 50 39 1848
42 50 39 1849
43 50 39 1850
46 50 39 1851
47 50 39 1852
48 50 39 1853
49 50 39 1854
50 50 39 1855
51 50 39 1856
52 50 39 1857
53 50 39 1858
54 50 39 1859
55 50 39 1860
56 50 39 1861
57 50 39 1862
58 50 39 1863
31 51 39 1864
32 51 39 1865
33 51 39 1866
34 51 39 1867
35 51 39 1868
36 51 39 1869
37 51 39 1870
38 51 39 1871
39 51 39 1872
40 51 39 1873
41 51 39 1874
42 51 39 1875
43 51 39 1876
46 51 39 1877
47 51 39 1878
48 51 39 1879
49 51 39 1880
50 51 39 1881
51 51 39 1882
52 51 39 1883
53 51 39 1884
54 51 39 1885
55 51 39 1886
56 51 39 1887
57 51 39 1888
32 52 39 1889
33 52 39 1890
34 52 39 1891
35 52 39 1892
36 52 39 1893
37 52 39 1894
38 52 39 1895
39 52 39 1896
40 52 39 1897
41 52 39 1898
42 52 39 1899
43 52 39 1900
46 52 39 1901
47 52 39 1902
48 52 39 1903
49 52 39 1904
50 52 39 1905
51 52 39 1906
52 52 39 1907
53 52 39 1908
54 52 39 1909
55 52 39 1910
56 52 39 1911
33 53 39 1912
34 53 39 1913
35 53 39 1914
36 53 39 1915
37 53 39 1916
38 53 39 1917
39 53 39 1918
40 53 39 1919
41 53 39 1920
42 53 39 1921
43 53 39 1922
44 53 39 1923
46 53 39 1924
47 53 39 1925
48 53 39 1926
49 53 39 1927
50 53 39 1928
51 53 39 1929
52 53 39 1930
53 53 39 1931
54 53 39 1932
55 53 39 1933
56 53 39 1934
33 54 39 1935
34 54 39 1936
35 54 39 1937
36 54 39 1938
37 54 39 1939
38 54 39 1940
39 54 39 1941
40 54 39 1942
41 54 39 1943
42 54 39 1944
43 54 39 1945
44 54 39 1946
45 54 39 1947
46 54 39 1948
47 54 39 1949
48 54 39 1950
49 54 39 1951
50 54 39 1952
51 54 39 1953
52 54 39 1954
53 54 39 1955
54 54 39 1956
55 54 39 1957
56 54 39 1958
34 55 39 1959
35 55 39 1960
36 55 39 1961
37 55 39 1962
38 55 39 1963
39 55 39 1964
40 55 39 1965
41 55 39 1966
42 55 39 1967
43 55 39 1968
44 55 39 1969
45 55 39 1970
46 55 39 1971
47 55 39 1972
48 55 39 1973
49 55 39 1974
50 55 39 1975
51 55 39 1976
52 55 39 1977
53 55 39 1978
54 55 39 1979
55 55 39 1980
34 56 39 1981
35 56 39 1982
36 56 39 1983
37 56 39 1984
38 56 39 1985
39 56 39 1986
40 56 39 1987
41 56 39 1988
42 56 39 1989
43 56 39 1990
44 56 39 1991
45 56 39 1992
46 56 39 1993
47 56 39 1994
48 56 39 1995
49 56 39 1996
50 56 39 1997
51 56 39 1998
52 56 39 1999
53 56 39 2000
54 56 39 2001
55 56 39 2002
34 57 39 2003
35 57 39 2004
36 57 39 2005
37 57 39 2006
38 57 39 2007
39 57 39 2008
40 57 39 2009
41 57 39 2010
42 57 39 2011
43 57 39 2012
44 57 39 2013
45 57 39 2014
46 57 39 2015
47 57 39 2016
48 57 39 2017
49 57 39 2018
50 57 39 2019
51 57 39 2020
52 57 39 2021
53 57 39 2022
54 57 39 2023
55 57 39 2024
35 58 39 2025
36 58 39 2026
37 58 39 2027
38 58 39 2028
39 58 39 2029
40 58 39 2030
41 58 39 2031
42 58 39 2032
43 58 39 2033
44 58 39 2034
45 58 39 2035
46 58 39 2036
47 58 39 2037
48 58 39 2038
49 58 39 2039
50 58 39 2040
51 58 39 2041
52 58 39 2042
53 58 39 2043
54 58 39 2044
36 59 39 2045
37 59 39 2046
38 59 39 2047
39 59 39 2048
40 59 39 2049
41 59 39 2050
42 59 39 2051
43 59 39 2052
44 59 39 2053
45 59 39 2054
46 59 39 2055
47 59 39 2056
48 59 39 2057
49 59 39 2058
50 59 39 2059
51 59 39 2060
52 59 39 2061
53 59 39 2062
36 60 39 2063
37 60 39 2064
38 60 39 2065
39 60 39 2066
40 60 39 2067
41 60 39 2068
42 60 39 2069
43 60 39 2070
44 60 39 2071
45 60 39 2072
46 60 39 2073
47 60 39 2074
48 60 39 2075
49 60 39 2076
50 60 39 2077
51 60 39 2078
52 60 39 2079
53 60 39 2080
37 61 39 2081
38 61 39 2082
39 61 39 2083
40 61 39 2084
41 61 39 2085
42 61 39 2086
43 61 39 2087
44 61 39 2088
46 61 39 2089
47 61 39 2090
48 61 39 2091
49 61 39 2092
50 61 39 2093
51 61 39 2094
52 61 39 2095
53 61 39 2096
37 62 39 2097
38 62 39 2098
39 62 39 2099
40 62 39 2100
41 62 39 2101
42 62 39 2102
43 62 39 2103
44 62 39 2104
47 62 39 2105
48 62 39 2106
49 62 39 2107
50 62 39 2108
51 62 39 2109
39 63 39 2110
40 63 39 2111
42 63 39 2112
51 45 40 2113
52 45 40 2114
53 45 40 2115
54 45 40 2116
55 45 40 2117
34 46 40 2118
35 46 40 2119
36 46 40 2120
37 46 40 2121
38 46 40 2122
39 46 40 2123
49 46 40 2124
50 46 40 2125
51 46 40 2126
52 46 40 2127
53 46 40 2128
54 46 40 2129
55 46 40 2130
56 46 40 2131
57 46 40 2132
32 47 40 2133
33 47 40 2134
34 47 40 2135
35 47 40 2136
36 47 40 2137
37 47 40 2138
38 47 40 2139
39 47 40 2140
40 47 40 2141
41 47 40 2142
48 47 40 2143
49 47 40 2144
50 47 40 2145
51 47 40 2146
52 47 40 2147
53 47 40 2148
54 47 40 2149
55 47 40 2150
56 47 40 2151
57 47 40 2152
58 47 40 2153
32 48 40 2154
33 48 40 2155
34 48 40 2156
35 48 40 2157
36 48 40 2158
37 48 40 2159
38 48 40 2160
39 48 40 2161
40 48 40 2162
41 48 40 2163
48 48 40 2164
49 48 40 2165
50 48 40 2166
51 48 40 2167
52 48 40 2168
53 48 40 2169
54 48 40 2170
55 48 40 2171
56 48 40 2172
57 48 40 2173
58 48 40 2174
31 49 40 2175
32 49 40 2176
33 49 40 2177
34 49 40 2178
35 49 40 2179
36 49 40 2180
37 49 40 2181
38 49 40 2182
39 49 40 2183
40 49 40 2184
41 49 40 2185
42 49 40 2186
47 49 40 2187
48 49 40 2188
49 49 40 2189
50 49 40 2190
51 49 40 2191
52 49 40 2192
53 49 40 2193
54 49 40 2194
55 49 40 2195
56 49 40 2196
57 49 40 2197
58 49 40 2198
32 50 40 2199
33 50 40 2200
34 50 40 2201
35 50 40 2202
36 50 40 2203
37 50 40 2204
38 50 40 2205
39 50 40 2206
40 50 40 2207
41 50 40 2208
42 50 40 2209
46 50 40 2210
47 50 40 2211
48 50 40 2212
49 50 40 2213
50 50 40 2214
51 50 40 2215
52 50 40 2216
53 50 40 2217
54 50 40 2218
55 50 40 2219
56 50 40 2220
57 50 40 2221
32 51 40 2222
33 51 40 2223
34 51 40 2224
35 51 40 2225
36 51 40 2226
37 51 40 2227
38 51 40 2228
39 51 40 2229
40 51 40 2230
41 51 40 2231
42 51 40 2232
43 51 40 2233
46 51 40 2234
47 51 40 2235
48 51 40 2236
49 51 40 2237
50 51 40 2238
51 51 40 2239
52 51 40 2240
53 51 40 2241
54 51 40 2242
55 51 40 2243
56 51 40 2244
57 51 40 2245
32 52 40 2246
33 52 40 2247
34 52 40 2248
35 52 40 2249
36 52 40 2250
37 52 40 2251
38 52 40 2252
39 52 40 2253
40 52 40 2254
41 52 40 2255
42 52 40 2256
43 52 40 2257
46 52 40 2258
47 52 40 2259
48 52 40 2260
49 52 40 2261
50 52 40 2262
51 52 40 2263
52 52 40 2264
53 52 40 2265
54 52 40 2266
55 52 40 2267
56 52 40 2268
33 53 40 2269
34 53 40 2270
35 53 40 2271
36 53 40 2272
37 53 40 2273
38 53 40 2274
39 53 40 2275
40 53 40 2276
41 53 40 2277
42 53 40 2278
43 53 40 2279
44 53 40 2280
45 53 40 2281
46 53 40 2282
47 53 40 2283
48 53 40 2284
49 53 40 2285
50 53 40 2286
51 53 40 2287
52 53 40 2288
53 53 40 2289
54 53 40 2290
55 53 40 2291
56 53 40 2292
33 54 40 2293
34 54 40 2294
35 54 40 2295
36 54 40 2296
37 54 40 2297
38 54 40 2298
39 54 40 2299
40 54 40 2300
41 54 40 2301
42 54 40 2302
43 54 40 2303
44 54 40 2304
45 54 40 2305
46 54 40 2306
47 54 40 2307
48 54 40 2308
49 54 40 2309
50 54 40 2310
51 54 40 2311
52 54 40 2312
53 54 40 2313
54 54 40 2314
55 54 40 2315
56 54 40 2316
33 55 40 2317
34 55 40 2318
35 55 40 2319
36 55 40 2320
37 55 40 2321
38 55 40 2322
39 55 40 2323
40 55 40 2324
41 55 40 2325
42 55 40 2326
43 55 40 2327
44 55 40 2328
45 55 40 2329
46 55 40 2330
47 55 40 2331
48 55 40 2332
49 55 40 2333
50 55 40 2334
51 55 40 2335
52 55 40 2336
53 55 40 2337
54 55 40 2338
55 55 40 2339
34 56 40 2340
35 56 40 2341
36 56 40 2342
37 56 40 2343
38 56 40 2344
39 56 40 2345
40 56 40 2346
41 56 40 2347
42 56 40 2348
43 56 40 2349
44 56 40 2350
45 56 40 2351
46 56 40 2352
47 56 40 2353
48 56 40 2354
49 56 40 2355
50 56 40 2356
51 56 40 2357
52 56 40 2358
53 56 40 2359
54 56 40 2360
55 56 40 2361
34 57 40 2362
35 57 40 2363
36 57 40 2364
37 57 40 2365
38 57 40 2366
39 57 40 2367
40 57 40 2368
41 57 40 2369
42 57 40 2370
43 57 40 2371
44 57 40 2372
45 57 40 2373
46 57 40 2374
47 57 40 2375
48 57 40 2376
49 57 40 2377
50 57 40 2378
51 57 40 2379
52 57 40 2380
53 57 40 2381
54 57 40 2382
55 57 40 2383
35 58 40 2384
36 58 40 2385
37 58 40 2386
38 58 40 2387
39 58 40 2388
40 58 40 2389
41 58 40 2390
42 58 40 2391
43 58 40 2392
44 58 40 2393
45 58 40 2394
46 58 40 2395
47 58 40 2396
48 58 40 2397
49 58 40 2398
50 58 40 2399
51 58 40 2400
52 58 40 2401
53 58 40 2402
54 58 40 2403
35 59 40 2404
36 59 40 2405
37 59 40 2406
38 59 40 2407
39 59 40 2408
40 59 40 2409
41 59 40 2410
42 59 40 2411
43 59 40 2412
44 59 40 2413
45 59 40 2414
46 59 40 2415
47 59 40 2416
48 59 40 2417
49 59 40 2418
50 59 40 2419
51 59 40 2420
52 59 40 2421
53 59 40 2422
54 59 40 2423
36 60 40 2424
37 60 40 2425
38 60 40 2426
39 60 40 2427
40 60 40 2428
41 60 40 2429
42 60 40 2430
43 60 40 2431
44 60 40 2432
45 60 40 2433
46 60 40 2434
47 60 40 2435
48 60 40 2436
49 60 40 2437
50 60 40 2438
51 60 40 2439
52 60 40 2440
53 60 40 2441
36 61 40 2442
37 61 40 2443
38 61 40 2444
39 61 40 2445
40 61 40 2446
41 61 40 2447
42 61 40 2448
43 61 40 2449
44 61 40 2450
46 61 40 2451
47 61 40 2452
48 61 40 2453
49 61 40 2454
50 61 40 2455
51 61 40 2456
52 61 40 2457
53 61 40 2458
37 62 40 2459
38 62 40 2460
39 62 40 2461
40 62 40 2462
41 62 40 2463
42 62 40 2464
43 62 40 2465
47 62 40 2466
48 62 40 2467
49 62 40 2468
50 62 40 2469
51 62 40 2470
52 62 40 2471
38 63 40 2472
39 63 40 2473
40 63 40 2474
41 63 40 2475
42 63 40 2476
52 45 41 2477
53 45 41 2478
54 45 41 2479
55 45 41 2480
34 46 41 2481
35 46 41 2482
36 46 41 2483
37 46 41 2484
38 46 41 2485
39 46 41 2486
50 46 41 2487
51 46 41 2488
52 46 41 2489
53 46 41 2490
54 46 41 2491
55 46 41 2492
56 46 41 2493
57 46 41 2494
32 47 41 2495
33 47 41 2496
34 47 41 2497
35 47 41 2498
36 47 41 2499
37 47 41 2500
38 47 41 2501
39 47 41 2502
40 47 41 2503
48 47 41 2504
49 47 41 2505
50 47 41 2506
51 47 41 2507
52 47 41 2508
53 47 41 2509
54 47 41 2510
55 47 41 2511
56 47 41 2512
57 47 41 2513
32 48 41 2514
33 48 41 2515
34 48 41 2516
35 48 41 2517
36 48 41 2518
37 48 41 2519
38 48 41 2520
39 48 41 2521
40 48 41 2522
41 48 41 2523
48 48 41 2524
49 48 41 2525
50 48 41 2526
51 48 41 2527
52 48 41 2528
53 48 41 2529
54 48 41 2530
55 48 41 2531
56 48 41 2532
57 48 41 2533
32 49 41 2534
33 49 41 2535
34 49 41 2536
35 49 41 2537
36 49 41 2538
37 49 41 2539
38 49 41 2540
39 49 41 2541
40 49 41 2542
41 49 41 2543
42 49 41 2544
47 49 41 2545
48 49 41 2546
49 49 41 2547
50 49 41 2548
51 49 41 2549
52 49 41 2550
53 49 41 2551
54 49 41 2552
55 49 41 2553
56 49 41 2554
57 49 41 2555
32 50 41 2556
33 50 41 2557
34 50 41 2558
35 50 41 2559
36 50 41 2560
37 50 41 2561
38 50 41 2562
39 50 41 2563
40 50 41 2564
41 50 41 2565
42 50 41 2566
47 50 41 2567
48 50 41 2568
49 50 41 2569
50 50 41 2570
51 50 41 2571
52 50 41 2572
53 50 41 2573
54 50 41 2574
55 50 41 2575
56 50 41 2576
57 50 41 2577
32 51 41 2578
33 51 41 2579
34 51 41 2580
35 51 41 2581
36 51 41 2582
37 51 41 2583
38 51 41 2584
39 51 41 2585
40 51 41 2586
41 51 41 2587
42 51 41 2588
43 51 41 2589
46 51 41 2590
47 51 41 2591
48 51 41 2592
49 51 41 2593
50 51 41 2594
51 51 41 2595
52 51 41 2596
53 51 41 2597
54 51 41 2598
55 51 41 2599
56 51 41 2600
57 51 41 2601
32 52 41 2602
33 52 41 2603
34 52 41 2604
35 52 41 2605
36 52 41 2606
37 52 41 2607
38 52 41 2608
39 52 41 2609
40 52 41 2610
41 52 41 2611
42 52 41 2612
43 52 41 2613
46 52 41 2614
47 52 41 2615
48 52 41 2616
49 52 41 2617
50 52 41 2618
51 52 41 2619
52 52 41 2620
53 52 41 2621
54 52 41 2622
55 52 41 2623
56 52 41 2624
33 53 41 2625
34 53 41 2626
35 53 41 2627
36 53 41 2628
37 53 41 2629
38 53 41 2630
39 53 41 2631
40 53 41 2632
41 53 41 2633
42 53 41 2634
43 53 41 2635
44 53 41 2636
46 53 41 2637
47 53 41 2638
48 53 41 2639
49 53 41 2640
50 53 41 2641
51 53 41 2642
52 53 41 2643
53 53 41 2644
54 53 41 2645
55 53 41 2646
56 53 41 2647
33 54 41 2648
34 54 41 2649
35 54 41 2650
36 54 41 2651
37 54 41 2652
38 54 41 2653
39 54 41 2654
40 54 41 2655
41 54 41 2656
42 54 41 2657
43 54 41 2658
44 54 41 2659
45 54 41 2660
46 54 41 2661
47 54 41 2662
48 54 41 2663
49 54 41 2664
50 54 41 2665
51 54 41 2666
52 54 41 2667
53 54 41 2668
54 54 41 2669
55 54 41 2670
56 54 41 2671
33 55 41 2672
34 55 41 2673
35 55 41 2674
36 55 41 2675
37 55 41 2676
38 55 41 2677
39 55 41 2678
40 55 41 2679
41 55 41 2680
42 55 41 2681
43 55 41 2682
44 55 41 2683
45 55 41 2684
46 55 41 2685
47 55 41 2686
48 55 41 2687
49 55 41 2688
50 55 41 2689
51 55 41 2690
52 55 41 2691
53 55 41 2692
54 55 41 2693
55 55 41 2694
56 55 41 2695
34 56 41 2696
35 56 41 2697
36 56 41 2698
37 56 41 2699
38 56 41 2700
39 56 41 2701
40 56 41 2702
41 56 41 2703
42 56 41 2704
43 56 41 2705
44 56 41 2706
45 56 41 2707
46 56 41 2708
47 56 41 2709
48 56 41 2710
49 56 41 2711
50 56 41 2712
51 56 41 2713
52 56 41 2714
53 56 41 2715
54 56 41 2716
55 56 41 2717
56 56 41 2718
34 57 41 2719
35 57 41 2720
36 57 41 2721
37 57 41 2722
38 57 41 2723
39 57 41 2724
40 57 41 2725
41 57 41 2726
42 57 41 2727
43 57 41 2728
44 57 41 2729
45 57 41 2730
46 57 41 2731
47 57 41 2732
48 57 41 2733
49 57 41 2734
50 57 41 2735
51 57 41 2736
52 57 41 2737
53 57 41 2738
54 57 41 2739
55 57 41 2740
35 58 41 2741
36 58 41 2742
37 58 41 2743
38 58 41 2744
39 58 41 2745
40 58 41 2746
41 58 41 2747
42 58 41 2748
43 58 41 2749
44 58 41 2750
45 58 41 2751
46 58 41 2752
47 58 41 2753
48 58 41 2754
49 58 41 2755
50 58 41 2756
51 58 41 2757
52 58 41 2758
53 58 41 2759
54 58 41 2760
35 59 41 2761
36 59 41 2762
37 59 41 2763
38 59 41 2764
39 59 41 2765
40 59 41 2766
41 59 41 2767
42 59 41 2768
43 59 41 2769
44 59 41 2770
45 59 41 2771
46 59 41 2772
47 59 41 2773
48 59 41 2774
49 59 41 2775
50 59 41 2776
51 59 41 2777
52 59 41 2778
53 59 41 2779
54 59 41 2780
36 60 41 2781
37 60 41 2782
38 60 41 2783
39 60 41 2784
40 60 41 2785
41 60 41 2786
42 60 41 2787
43 60 41 2788
44 60 41 2789
45 60 41 2790
46 60 41 2791
47 60 41 2792
48 60 41 2793
49 60 41 2794
50 60 41 2795
51 60 41 2796
52 60 41 2797
53 60 41 2798
36 61 41 2799
37 61 41 2800
38 61 41 2801
39 61 41 2802
40 61 41 2803
41 61 41 2804
42 61 41 2805
43 61 41 2806
44 61 41 2807
46 61 41 2808
47 61 41 2809
48 61 41 2810
49 61 41 2811
50 61 41 2812
51 61 41 2813
52 61 41 2814
53 61 41 2815
37 62 41 2816
38 62 41 2817
39 62 41 2818
40 62 41 2819
41 62 41 2820
42 62 41 2821
43 62 41 2822
47 62 41 2823
48 62 41 2824
49 62 41 2825
50 62 41 2826
51 62 41 2827
39 63 41 2828
35 46 42 2829
36 46 42 2830
37 46 42 2831
38 46 42 2832
50 46 42 2833
51 46 42 2834
52 46 42 2835
53 46 42 2836
54 46 42 2837
33 47 42 2838
34 47 42 2839
35 47 42 2840
36 47 42 2841
37 47 42 2842
38 47 42 2843
39 47 42 2844
40 47 42 2845
49 47 42 2846
50 47 42 2847
51 47 42 2848
52 47 42 2849
53 47 42 2850
54 47 42 2851
55 47 42 2852
56 47 42 2853
32 48 42 2854
33 48 42 2855
34 48 42 2856
35 48 42 2857
36 48 42 2858
37 48 42 2859
38 48 42 2860
39 48 42 2861
40 48 42 2862
41 48 42 2863
48 48 42 2864
49 48 42 2865
50 48 42 2866
51 48 42 2867
52 48 42 2868
53 48 42 2869
54 48 42 2870
55 48 42 2871
56 48 42 2872
57 48 42 2873
32 49 42 2874
33 49 42 2875
34 49 42 2876
35 49 42 2877
36 49 42 2878
37 49 42 2879
38 49 42 2880
39 49 42 2881
40 49 42 2882
41 49 42 2883
42 49 42 2884
47 49 42 2885
48 49 42 2886
49 49 42 2887
50 49 42 2888
51 49 42 2889
52 49 42 2890
53 49 42 2891
54 49 42 2892
55 49 42 2893
56 49 42 2894
57 49 42 2895
32 50 42 2896
33 50 42 2897
34 50 42 2898
35 50 42 2899
36 50 42 2900
37 50 42 2901
38 50 42 2902
39 50 42 2903
40 50 42 2904
41 50 42 2905
42 50 42 2906
47 50 42 2907
48 50 42 2908
49 50 42 2909
50 50 42 2910
51 50 42 2911
52 50 42 2912
53 50 42 2913
54 50 42 2914
55 50 42 2915
56 50 42 2916
57 50 42 2917
32 51 42 2918
33 51 42 2919
34 51 42 2920
35 51 42 2921
36 51 42 2922
37 51 42 2923
38 51 42 2924
39 51 42 2925
40 51 42 2926
41 51 42 2927
42 51 42 2928
43 51 42 2929
46 51 42 2930
47 51 42 2931
48 51 42 2932
49 51 42 2933
50 51 42 2934
51 51 42 2935
52 51 42 2936
53 51 42 2937
54 51 42 2938
55 51 42 2939
56 51 42 2940
33 52 42 2941
34 52 42 2942
35 52 42 2943
36 52 42 2944
37 52 42 2945
38 52 42 2946
39 52 42 2947
40 52 42 2948
41 52 42 2949
42 52 42 2950
43 52 42 2951
46 52 42 2952
47 52 42 2953
48 52 42 2954
49 52 42 2955
50 52 42 2956
51 52 42 2957
52 52 42 2958
53 52 42 2959
54 52 42 2960
55 52 42 2961
56 52 42 2962
33 53 42 2963
34 53 42 2964
35 53 42 2965
36 53 42 2966
37 53 42 2967
38 53 42 2968
39 53 42 2969
40 53 42 2970
41 53 42 2971
42 53 42 2972
43 53 42 2973
44 53 42 2974
46 53 42 2975
47 53 42 2976
48 53 42 2977
49 53 42 2978
50 53 42 2979
51 53 42 2980
52 53 42 2981
53 53 42 2982
54 53 42 2983
55 53 42 2984
56 53 42 2985
33 54 42 2986
34 54 42 2987
35 54 42 2988
36 54 42 2989
37 54 42 2990
38 54 42 2991
39 54 42 2992
40 54 42 2993
41 54 42 2994
42 54 42 2995
43 54 42 2996
44 54 42 2997
45 54 42 2998
46 54 42 2999
47 54 42 3000
48 54 42 3001
49 54 42 3002
50 54 42 3003
51 54 42 3004
52 54 42 3005
53 54 42 3006
54 54 42 3007
55 54 42 3008
56 54 42 3009
33 55 42 3010
34 55 42 3011
35 55 42 3012
36 55 42 3013
37 55 42 3014
38 55 42 3015
39 55 42 3016
40 55 42 3017
41 55 42 3018
42 55 42 3019
43 55 42 3020
44 55 42 3021
45 55 42 3022
46 55 42 3023
47 55 42 3024
48 55 42 3025
49 55 42 3026
50 55 42 3027
51 55 42 3028
52 55 42 3029
53 55 42 3030
54 55 42 3031
55 55 42 3032
56 55 42 3033
33 56 42 3034
34 56 42 3035
35 56 42 3036
36 56 42 3037
37 56 42 3038
38 56 42 3039
39 56 42 3040
40 56 42 3041
41 56 42 3042
42 56 42 3043
43 56 42 3044
44 56 42 3045
45 56 42 3046
46 56 42 3047
47 56 42 3048
48 56 42 3049
49 56 42 3050
50 56 42 3051
51 56 42 3052
52 56 42 3053
53 56 42 3054
54 56 42 3055
55 56 42 3056
56 56 42 3057
34 57 42 3058
35 57 42 3059
36 57 42 3060
37 57 42 3061
38 57 42 3062
39 57 42 3063
40 57 42 3064
41 57 42 3065
42 57 42 3066
43 57 42 3067
44 57 42 3068
45 57 42 3069
46 57 42 3070
47 57 42 3071
48 57 42 3072
49 57 42 3073
50 57 42 3074
51 57 42 3075
52 57 42 3076
53 57 42 3077
54 57 42 3078
55 57 42 3079
34 58 42 3080
35 58 42 3081
36 58 42 3082
37 58 42 3083
38 58 42 3084
39 58 42 3085
40 58 42 3086
41 58 42 3087
42 58 42 3088
43 58 42 3089
44 58 42 3090
45 58 42 3091
46 58 42 3092
47 58 42 3093
48 58 42 3094
49 58 42 3095
50 58 42 3096
51 58 42 3097
52 58 42 3098
53 58 42 3099
54 58 42 3100
35 59 42 3101
36 59 42 3102
37 59 42 3103
38 59 42 3104
39 59 42 3105
40 59 42 3106
41 59 42 3107
42 59 42 3108
43 59 42 3109
44 59 42 3110
45 59 42 3111
46 59 42 3112
47 59 42 3113
48 59 42 3114
49 59 42 3115
50 59 42 3116
51 59 42 3117
52 59 42 3118
53 59 42 3119
54 59 42 3120
36 60 42 3121
37 60 42 3122
38 60 42 3123
39 60 42 3124
40 60 42 3125
41 60 42 3126
42 60 42 3127
43 60 42 3128
44 60 42 3129
46 60 42 3130
47 60 42 3131
48 60 42 3132
49 60 42 3133
50 60 42 3134
51 60 42 3135
52 60 42 3136
53 60 42 3137
36 61 42 3138
37 61 42 3139
38 61 42 3140
39 61 42 3141
40 61 42 3142
41 61 42 3143
42 61 42 3144
43 61 42 3145
44 61 42 3146
46 61 42 3147
47 61 42 3148
48 61 42 3149
49 61 42 3150
50 61 42 3151
51 61 42 3152
52 61 42 3153
37 62 42 3154
38 62 42 3155
39 62 42 3156
40 62 42 3157
41 62 42 3158
42 62 42 3159
43 62 42 3160
47 62 42 3161
48 62 42 3162
49 62 42 3163
50 62 42 3164
51 62 42 3165
52 46 43 3166
53 46 43 3167
34 47 43 3168
35 47 43 3169
36 47 43 3170
37 47 43 3171
38 47 43 3172
39 47 43 3173
50 47 43 3174
51 47 43 3175
52 47 43 3176
53 47 43 3177
54 47 43 3178
33 48 43 3179
34 48 43 3180
35 48 43 3181
36 48 43 3182
37 48 43 3183
38 48 43 3184
39 48 43 3185
40 48 43 3186
48 48 43 3187
49 48 43 3188
50 48 43 3189
51 48 43 3190
52 48 43 3191
53 48 43 3192
54 48 43 3193
55 48 43 3194
56 48 43 3195
33 49 43 3196
34 49 43 3197
35 49 43 3198
36 49 43 3199
37 49 43 3200
38 49 43 3201
39 49 43 3202
40 49 43 3203
41 49 43 3204
48 49 43 3205
49 49 43 3206
50 49 43 3207
51 49 43 3208
52 49 43 3209
53 49 43 3210
54 49 43 3211
55 49 43 3212
56 49 43 3213
33 50 43 3214
34 50 43 3215
35 50 43 3216
36 50 43 3217
37 50 43 3218
38 50 43 3219
39 50 43 3220
40 50 43 3221
41 50 43 3222
42 50 43 3223
47 50 43 3224
48 50 43 3225
49 50 43 3226
50 50 43 3227
51 50 43 3228
52 50 43 3229
53 50 43 3230
54 50 43 3231
55 50 43 3232
56 50 43 3233
33 51 43 3234
34 51 43 3235
35 51 43 3236
36 51 43 3237
37 51 43 3238
38 51 43 3239
39 51 43 3240
40 51 43 3241
41 51 43 3242
42 51 43 3243
46 51 43 3244
47 51 43 3245
48 51 43 3246
49 51 43 3247
50 51 43 3248
51 51 43 3249
52 51 43 3250
53 51 43 3251
54 51 43 3252
55 51 43 3253
56 51 43 3254
33 52 43 3255
34 52 43 3256
35 52 43 3257
36 52 43 3258
37 52 43 3259
38 52 43 3260
39 52 43 3261
40 52 43 3262
41 52 43 3263
42 52 43 3264
43 52 43 3265
46 52 43 3266
47 52 43 3267
48 52 43 3268
49 52 43 3269
50 52 43 3270
51 52 43 3271
52 52 43 3272
53 52 43 3273
54 52 43 3274
55 52 43 3275
56 52 43 3276
33 53 43 3277
34 53 43 3278
35 53 43 3279
36 53 43 3280
37 53 43 3281
38 53 43 3282
39 53 43 3283
40 53 43 3284
41 53 43 3285
42 53 43 3286
43 53 43 3287
46 53 43 3288
47 53 43 3289
48 53 43 3290
49 53 43 3291
50 53 43 3292
51 53 43 3293
52 53 43 3294
53 53 43 3295
54 53 43 3296
55 53 43 3297
56 53 43 3298
33 54 43 3299
34 54 43 3300
35 54 43 3301
36 54 43 3302
37 54 43 3303
38 54 43 3304
39 54 43 3305
40 54 43 3306
41 54 43 3307
42 54 43 3308
43 54 43 3309
44 54 43 3310
46 54 43 3311
47 54 43 3312
48 54 43 3313
49 54 43 3314
50 54 43 3315
51 54 43 3316
52 54 43 3317
53 54 43 3318
54 54 43 3319
55 54 43 3320
56 54 43 3321
33 55 43 3322
34 55 43 3323
35 55 43 3324
36 55 43 3325
37 55 43 3326
38 55 43 3327
39 55 43 3328
40 55 43 3329
41 55 43 3330
42 55 43 3331
43 55 43 3332
44 55 43 3333
46 55 43 3334
47 55 43 3335
48 55 43 3336
49 55 43 3337
50 55 43 3338
51 55 43 3339
52 55 43 3340
53 55 43 3341
54 55 43 3342
55 55 43 3343
56 55 43 3344
34 56 43 3345
35 56 43 3346
36 56 43 3347
37 56 43 3348
38 56 43 3349
39 56 43 3350
40 56 43 3351
41 56 43 3352
42 56 43 3353
43 56 43 3354
44 56 43 3355
45 56 43 3356
46 56 43 3357
47 56 43 3358
48 56 43 3359
49 56 43 3360
50 56 43 3361
51 56 43 3362
52 56 43 3363
53 56 43 3364
54 56 43 3365
55 56 43 3366
56 56 43 3367
34 57 43 3368
35 57 43 3369
36 57 43 3370
37 57 43 3371
38 57 43 3372
39 57 43 3373
40 57 43 3374
41 57 43 3375
42 57 43 3376
43 57 43 3377
44 57 43 3378
46 57 43 3379
47 57 43 3380
48 57 43 3381
49 57 43 3382
50 57 43 3383
51 57 43 3384
52 57 43 3385
53 57 43 3386
54 57 43 3387
55 57 43 3388
35 58 43 3389
36 58 43 3390
37 58 43 3391
38 58 43 3392
39 58 43 3393
40 58 43 3394
41 58 43 3395
42 58 43 3396
43 58 43 3397
44 58 43 3398
46 58 43 3399
47 58 43 3400
48 58 43 3401
49 58 43 3402
50 58 43 3403
51 58 43 3404
52 58 43 3405
53 58 43 3406
54 58 43 3407
35 59 43 3408
36 59 43 3409
37 59 43 3410
38 59 43 3411
39 59 43 3412
40 59 43 3413
41 59 43 3414
42 59 43 3415
43 59 43 3416
44 59 43 3417
46 59 43 3418
47 59 43 3419
48 59 43 3420
49 59 43 3421
50 59 43 3422
51 59 43 3423
52 59 43 3424
53 59 43 3425
54 59 43 3426
36 60 43 3427
37 60 43 3428
38 60 43 3429
39 60 43 3430
40 60 43 3431
41 60 43 3432
42 60 43 3433
43 60 43 3434
46 60 43 3435
47 60 43 3436
48 60 43 3437
49 60 43 3438
50 60 43 3439
51 60 43 3440
52 60 43 3441
53 60 43 3442
37 61 43 3443
38 61 43 3444
39 61 43 3445
40 61 43 3446
41 61 43 3447
42 61 43 3448
43 61 43 3449
47 61 43 3450
48 61 43 3451
49 61 43 3452
50 61 43 3453
51 61 43 3454
52 61 43 3455
38 62 43 3456
41 62 43 3457
42 62 43 3458
36 47 44 3459
34 48 44 3460
36 48 44 3461
37 48 44 3462
38 48 44 3463
39 48 44 3464
50 48 44 3465
51 48 44 3466
52 48 44 3467
53 48 44 3468
33 49 44 3469
34 49 44 3470
35 49 44 3471
36 49 44 3472
37 49 44 3473
38 49 44 3474
39 49 44 3475
40 49 44 3476
49 49 44 3477
50 49 44 3478
51 49 44 3479
52 49 44 3480
53 49 44 3481
54 49 44 3482
55 49 44 3483
56 49 44 3484
33 50 44 3485
34 50 44 3486
35 50 44 3487
36 50 44 3488
37 50 44 3489
38 50 44 3490
39 50 44 3491
40 50 44 3492
41 50 44 3493
48 50 44 3494
49 50 44 3495
50 50 44 3496
51 50 44 3497
52 50 44 3498
53 50 44 3499
54 50 44 3500
55 50 44 3501
56 50 44 3502
34 51 44 3503
35 51 44 3504
36 51 44 3505
37 51 44 3506
38 51 44 3507
39 51 44 3508
40 51 44 3509
41 51 44 3510
42 51 44 3511
47 51 44 3512
48 51 44 3513
49 51 44 3514
50 51 44 3515
51 51 44 3516
52 51 44 3517
53 51 44 3518
54 51 44 3519
55 51 44 3520
56 51 44 3521
34 52 44 3522
35 52 44 3523
36 52 44 3524
37 52 44 3525
38 52 44 3526
39 52 44 3527
40 52 44 3528
41 52 44 3529
42 52 44 3530
47 52 44 3531
48 52 44 3532
49 52 44 3533
50 52 44 3534
51 52 44 3535
52 52 44 3536
53 52 44 3537
54 52 44 3538
55 52 44 3539
34 53 44 3540
35 53 44 3541
36 53 44 3542
37 53 44 3543
38 53 44 3544
39 53 44 3545
40 53 44 3546
41 53 44 3547
42 53 44 3548
43 53 44 3549
47 53 44 3550
48 53 44 3551
49 53 44 3552
50 53 44 3553
51 53 44 3554
52 53 44 3555
53 53 44 3556
54 53 44 3557
55 53 44 3558
34 54 44 3559
35 54 44 3560
36 54 44 3561
37 54 44 3562
38 54 44 3563
39 54 44 3564
40 54 44 3565
41 54 44 3566
42 54 44 3567
43 54 44 3568
46 54 44 3569
47 54 44 3570
48 54 44 3571
49 54 44 3572
50 54 44 3573
51 54 44 3574
52 54 44 3575
53 54 44 3576
54 54 44 3577
55 54 44 3578
34 55 44 3579
35 55 44 3580
36 55 44 3581
37 55 44 3582
38 55 44 3583
39 55 44 3584
40 55 44 3585
41 55 44 3586
42 55 44 3587
43 55 44 3588
46 55 44 3589
47 55 44 3590
48 55 44 3591
49 55 44 3592
50 55 44 3593
51 55 44 3594
52 55 44 3595
53 55 44 3596
54 55 44 3597
55 55 44 3598
34 56 44 3599
35 56 44 3600
36 56 44 3601
37 56 44 3602
38 56 44 3603
39 56 44 3604
40 56 44 3605
41 56 44 3606
42 56 44 3607
43 56 44 3608
46 56 44 3609
47 56 44 3610
48 56 44 3611
49 56 44 3612
50 56 44 3613
51 56 44 3614
52 56 44 3615
53 56 44 3616
54 56 44 3617
55 56 44 3618
34 57 44 3619
35 57 44 3620
36 57 44 3621
37 57 44 3622
38 57 44 3623
39 57 44 3624
40 57 44 3625
41 57 44 3626
42 57 44 3627
43 57 44 3628
46 57 44 3629
47 57 44 3630
48 57 44 3631
49 57 44 3632
50 57 44 3633
51 57 44 3634
52 57 44 3635
53 57 44 3636
54 57 44 3637
35 58 44 3638
36 58 44 3639
37 58 44 3640
38 58 44 3641
39 58 44 3642
40 58 44 3643
41 58 44 3644
42 58 44 3645
43 58 44 3646
46 58 44 3647
47 58 44 3648
48 58 44 3649
49 58 44 3650
50 58 44 3651
51 58 44 3652
52 58 44 3653
53 58 44 3654
54 58 44 3655
36 59 44 3656
37 59 44 3657
38 59 44 3658
39 59 44 3659
40 59 44 3660
41 59 44 3661
42 59 44 3662
43 59 44 3663
46 59 44 3664
47 59 44 3665
48 59 44 3666
49 59 44 3667
50 59 44 3668
51 59 44 3669
52 59 44 3670
53 59 44 3671
37 60 44 3672
38 60 44 3673
39 60 44 3674
40 60 44 3675
41 60 44 3676
42 60 44 3677
43 60 44 3678
47 60 44 3679
48 60 44 3680
49 60 44 3681
50 60 44 3682
51 60 44 3683
52 60 44 3684
38 61 44 3685
39 61 44 3686
40 61 44 3687
41 61 44 3688
42 61 44 3689
51 61 44 3690
36 49 45 3691
37 49 45 3692
38 49 45 3693
50 49 45 3694
51 49 45 3695
52 49 45 3696
36 50 45 3697
37 50 45 3698
38 50 45 3699
39 50 45 3700
49 50 45 3701
50 50 45 3702
51 50 45 3703
52 50 45 3704
53 50 45 3705
54 50 45 3706
55 50 45 3707
37 51 45 3708
38 51 45 3709
39 51 45 3710
40 51 45 3711
48 51 45 3712
49 51 45 3713
50 51 45 3714
51 51 45 3715
52 51 45 3716
53 51 45 3717
54 51 45 3718
55 51 45 3719
37 52 45 3720
38 52 45 3721
39 52 45 3722
40 52 45 3723
41 52 45 3724
48 52 45 3725
49 52 45 3726
50 52 45 3727
51 52 45 3728
52 52 45 3729
53 52 45 3730
54 52 45 3731
35 53 45 3732
37 53 45 3733
38 53 45 3734
39 53 45 3735
40 53 45 3736
41 53 45 3737
47 53 45 3738
48 53 45 3739
49 53 45 3740
50 53 45 3741
51 53 45 3742
52 53 45 3743
53 53 45 3744
54 53 45 3745
34 54 45 3746
35 54 45 3747
36 54 45 3748
37 54 45 3749
38 54 45 3750
39 54 45 3751
40 54 45 3752
41 54 45 3753
42 54 45 3754
47 54 45 3755
48 54 45 3756
49 54 45 3757
50 54 45 3758
51 54 45 3759
52 54 45 3760
53 54 45 3761
54 54 45 3762
34 55 45 3763
35 55 45 3764
36 55 45 3765
37 55 45 3766
38 55 45 3767
39 55 45 3768
40 55 45 3769
41 55 45 3770
42 55 45 3771
47 55 45 3772
48 55 45 3773
49 55 45 3774
50 55 45 3775
51 55 45 3776
52 55 45 3777
53 55 45 3778
54 55 45 3779
35 56 45 3780
36 56 45 3781
37 56 45 3782
38 56 45 3783
39 56 45 3784
40 56 45 3785
41 56 45 3786
42 56 45 3787
47 56 45 3788
48 56 45 3789
49 56 45 3790
50 56 45 3791
51 56 45 3792
52 56 45 3793
53 56 45 3794
54 56 45 3795
36 57 45 3796
37 57 45 3797
38 57 45 3798
39 57 45 3799
40 57 45 3800
41 57 45 3801
42 57 45 3802
47 57 45 3803
48 57 45 3804
49 57 45 3805
50 57 45 3806
51 57 45 3807
52 57 45 3808
53 57 45 3809
36 58 45 3810
37 58 45 3811
38 58 45 3812
39 58 45 3813
40 58 45 3814
41 58 45 3815
42 58 45 3816
47 58 45 3817
48 58 45 3818
49 58 45 3819
50 58 45 3820
51 58 45 3821
52 58 45 3822
53 58 45 3823
37 59 45 3824
38 59 45 3825
39 59 45 3826
40 59 45 3827
41 59 45 3828
42 59 45 3829
48 59 45 3830
49 59 45 3831
51 59 45 3832
52 59 45 3833
51 51 46 3834
38 52 46 3835
39 52 46 3836
50 52 46 3837
51 52 46 3838
52 52 46 3839
38 53 46 3840
39 53 46 3841
49 53 46 3842
50 53 46 3843
52 53 46 3844
38 54 46 3845
39 54 46 3846
40 54 46 3847
49 54 46 3848
52 54 46 3849
37 55 46 3850
38 55 46 3851
39 55 46 3852
40 55 46 3853
41 55 46 3854
48 55 46 3855
51 55 46 3856
52 55 46 3857
53 55 46 3858
37 56 46 3859
38 56 46 3860
39 56 46 3861
40 56 46 3862
41 56 46 3863
48 56 46 3864
51 56 46 3865
52 56 46 3866
38 57 46 3867
40 57 46 3868
41 57 46 3869
49 57 46 3870
51 57 46 3871
52 57 46 3872
